# OpenSignals Text File Format. Version 1
# {"84:BA:20:5E:FF:58": {"position": 0, "device": "bitalino_rev", "device name": "84:BA:20:5E:FF:58", "device connection": "BTH84:BA:20:5E:FF:58", "sampling rate": 100, "resolution": [4, 1, 1, 1, 1, 10], "firmware version": 1282, "comments": "", "keywords": "", "mode": 0, "sync interval": 2, "date": "2024-3-1", "time": "18:57:56.919", "channels": [6], "sensor": ["LUX"], "label": ["A6"], "column": ["nSeq", "I1", "I2", "O1", "O2", "A6"], "special": [{}], "digital IO": [0, 0, 1, 1]}}
# EndOfHeader
0	0	0	0	0	38	
1	0	0	0	0	38	
2	0	0	0	0	38	
3	0	0	0	0	39	
4	0	0	0	0	38	
5	0	0	0	0	38	
6	0	0	0	0	38	
7	0	0	0	0	40	
8	0	0	0	0	38	
9	0	0	0	0	38	
10	0	0	0	0	38	
11	0	0	0	0	40	
12	0	0	0	0	39	
13	0	0	0	0	38	
14	0	0	0	0	39	
15	0	0	0	0	39	
0	0	0	0	0	38	
1	0	0	0	0	38	
2	0	0	0	0	38	
3	0	0	0	0	40	
4	0	0	0	0	38	
5	0	0	0	0	38	
6	0	0	0	0	38	
7	0	0	0	0	38	
8	0	0	0	0	34	
9	0	0	0	0	28	
10	0	0	0	0	23	
11	0	0	0	0	23	
12	0	0	0	0	19	
13	0	0	0	0	16	
14	0	0	0	0	14	
15	0	0	0	0	15	
0	0	0	0	0	10	
1	0	0	0	0	8	
2	0	0	0	0	6	
3	0	0	0	0	7	
4	0	0	0	0	5	
5	0	0	0	0	4	
6	0	0	0	0	4	
7	0	0	0	0	6	
8	0	0	0	0	4	
9	0	0	0	0	4	
10	0	0	0	0	3	
11	0	0	0	0	6	
12	0	0	0	0	3	
13	0	0	0	0	3	
14	0	0	0	0	3	
15	0	0	0	0	5	
0	0	0	0	0	3	
1	0	0	0	0	3	
2	0	0	0	0	3	
3	0	0	0	0	5	
4	0	0	0	0	3	
5	0	0	0	0	3	
6	0	0	0	0	3	
7	0	0	0	0	6	
8	0	0	0	0	3	
9	0	0	0	0	3	
10	0	0	0	0	3	
11	0	0	0	0	6	
12	0	0	0	0	3	
13	0	0	0	0	1	
14	0	0	0	0	3	
15	0	0	0	0	6	
0	0	0	0	0	3	
1	0	0	0	0	1	
2	0	0	0	0	3	
3	0	0	0	0	5	
4	0	0	0	0	3	
5	0	0	0	0	1	
6	0	0	0	0	3	
7	0	0	0	0	5	
8	0	0	0	0	3	
9	0	0	0	0	1	
10	0	0	0	0	3	
11	0	0	0	0	6	
12	0	0	0	0	3	
13	0	0	0	0	1	
14	0	0	0	0	4	
15	0	0	0	0	6	
0	0	0	0	0	4	
1	0	0	0	0	2	
2	0	0	0	0	4	
3	0	0	0	0	7	
4	0	0	0	0	6	
5	0	0	0	0	8	
6	0	0	0	0	13	
7	0	0	0	0	17	
8	0	0	0	0	17	
9	0	0	0	0	17	
10	0	0	0	0	19	
11	0	0	0	0	21	
12	0	0	0	0	20	
13	0	0	0	0	18	
14	0	0	0	0	19	
15	0	0	0	0	21	
0	0	0	0	0	19	
1	0	0	0	0	17	
2	0	0	0	0	19	
3	0	0	0	0	21	
4	0	0	0	0	19	
5	0	0	0	0	17	
6	0	0	0	0	19	
7	0	0	0	0	21	
8	0	0	0	0	19	
9	0	0	0	0	17	
10	0	0	0	0	19	
11	0	0	0	0	21	
12	0	0	0	0	19	
13	0	0	0	0	17	
14	0	0	0	0	19	
15	0	0	0	0	20	
0	0	0	0	0	18	
1	0	0	0	0	16	
2	0	0	0	0	17	
3	0	0	0	0	19	
4	0	0	0	0	16	
5	0	0	0	0	14	
6	0	0	0	0	15	
7	0	0	0	0	15	
8	0	0	0	0	12	
9	0	0	0	0	9	
10	0	0	0	0	11	
11	0	0	0	0	12	
12	0	0	0	0	9	
13	0	0	0	0	6	
14	0	0	0	0	7	
15	0	0	0	0	8	
0	0	0	0	0	5	
1	0	0	0	0	3	
2	0	0	0	0	4	
3	0	0	0	0	5	
4	0	0	0	0	2	
5	0	0	0	0	0	
6	0	0	0	0	2	
7	0	0	0	0	4	
8	0	0	0	0	2	
9	0	0	0	0	0	
10	0	0	0	0	2	
11	0	0	0	0	4	
12	0	0	0	0	2	
13	0	0	0	0	0	
14	0	0	0	0	2	
15	0	0	0	0	4	
0	0	0	0	0	2	
1	0	0	0	0	0	
2	0	0	0	0	2	
3	0	0	0	0	4	
4	0	0	0	0	2	
5	0	0	0	0	0	
6	0	0	0	0	2	
7	0	0	0	0	4	
8	0	0	0	0	2	
9	0	0	0	0	0	
10	0	0	0	0	2	
11	0	0	0	0	4	
12	0	0	0	0	2	
13	0	0	0	0	0	
14	0	0	0	0	2	
15	0	0	0	0	4	
0	0	0	0	0	2	
1	0	0	0	0	0	
2	0	0	0	0	2	
3	0	0	0	0	4	
4	0	0	0	0	2	
5	0	0	0	0	0	
6	0	0	0	0	2	
7	0	0	0	0	4	
8	0	0	0	0	2	
9	0	0	0	0	0	
10	0	0	0	0	2	
11	0	0	0	0	4	
12	0	0	0	0	2	
13	0	0	0	0	0	
14	0	0	0	0	2	
15	0	0	0	0	4	
0	0	0	0	0	2	
1	0	0	0	0	0	
2	0	0	0	0	2	
3	0	0	0	0	4	
4	0	0	0	0	2	
5	0	0	0	0	0	
6	0	0	0	0	2	
7	0	0	0	0	4	
8	0	0	0	0	2	
9	0	0	0	0	0	
10	0	0	0	0	2	
11	0	0	0	0	4	
12	0	0	0	0	2	
13	0	0	0	0	0	
14	0	0	0	0	2	
15	0	0	0	0	4	
0	0	0	0	0	2	
1	0	0	0	0	0	
2	0	0	0	0	2	
3	0	0	0	0	4	
4	0	0	0	0	2	
5	0	0	0	0	0	
6	0	0	0	0	2	
7	0	0	0	0	4	
8	0	0	0	0	2	
9	0	0	0	0	0	
10	0	0	0	0	2	
11	0	0	0	0	4	
12	0	0	0	0	2	
13	0	0	0	0	0	
14	0	0	0	0	2	
15	0	0	0	0	4	
0	0	0	0	0	2	
1	0	0	0	0	0	
2	0	0	0	0	2	
3	0	0	0	0	4	
4	0	0	0	0	2	
5	0	0	0	0	0	
6	0	0	0	0	2	
7	0	0	0	0	4	
8	0	0	0	0	2	
9	0	0	0	0	0	
10	0	0	0	0	2	
11	0	0	0	0	4	
12	0	0	0	0	2	
13	0	0	0	0	0	
14	0	0	0	0	2	
15	0	0	0	0	4	
0	0	0	0	0	2	
1	0	0	0	0	0	
2	0	0	0	0	2	
3	0	0	0	0	4	
4	0	0	0	0	2	
5	0	0	0	0	0	
6	0	0	0	0	2	
7	0	0	0	0	4	
8	0	0	0	0	2	
9	0	0	0	0	0	
10	0	0	0	0	2	
11	0	0	0	0	4	
12	0	0	0	0	2	
13	0	0	0	0	0	
14	0	0	0	0	2	
15	0	0	0	0	4	
0	0	0	0	0	2	
1	0	0	0	0	0	
2	0	0	0	0	2	
3	0	0	0	0	4	
4	0	0	0	0	2	
5	0	0	0	0	0	
6	0	0	0	0	2	
7	0	0	0	0	4	
8	0	0	0	0	2	
9	0	0	0	0	0	
10	0	0	0	0	2	
11	0	0	0	0	4	
12	0	0	0	0	2	
13	0	0	0	0	1	
14	0	0	0	0	2	
15	0	0	0	0	4	
0	0	0	0	0	2	
1	0	0	0	0	0	
2	0	0	0	0	2	
3	0	0	0	0	4	
4	0	0	0	0	2	
5	0	0	0	0	0	
6	0	0	0	0	2	
7	0	0	0	0	4	
8	0	0	0	0	2	
9	0	0	0	0	0	
10	0	0	0	0	2	
11	0	0	0	0	4	
12	0	0	0	0	2	
13	0	0	0	0	0	
14	0	0	0	0	2	
15	0	0	0	0	4	
0	0	0	0	0	2	
1	0	0	0	0	1	
2	0	0	0	0	3	
3	0	0	0	0	6	
4	0	0	0	0	8	
5	0	0	0	0	10	
6	0	0	0	0	16	
7	0	0	0	0	19	
8	0	0	0	0	19	
9	0	0	0	0	18	
10	0	0	0	0	19	
11	0	0	0	0	22	
12	0	0	0	0	19	
13	0	0	0	0	18	
14	0	0	0	0	20	
15	0	0	0	0	22	
0	0	0	0	0	21	
1	0	0	0	0	19	
2	0	0	0	0	21	
3	0	0	0	0	24	
4	0	0	0	0	22	
5	0	0	0	0	22	
6	0	0	0	0	24	
7	0	0	0	0	26	
8	0	0	0	0	25	
9	0	0	0	0	24	
10	0	0	0	0	26	
11	0	0	0	0	28	
12	0	0	0	0	27	
13	0	0	0	0	26	
14	0	0	0	0	28	
15	0	0	0	0	31	
0	0	0	0	0	30	
1	0	0	0	0	29	
2	0	0	0	0	31	
3	0	0	0	0	34	
4	0	0	0	0	33	
5	0	0	0	0	32	
6	0	0	0	0	34	
7	0	0	0	0	37	
8	0	0	0	0	35	
9	0	0	0	0	34	
10	0	0	0	0	36	
11	0	0	0	0	39	
12	0	0	0	0	38	
13	0	0	0	0	38	
14	0	0	0	0	41	
15	0	0	0	0	44	
0	0	0	0	0	42	
1	0	0	0	0	41	
2	0	0	0	0	42	
3	0	0	0	0	44	
4	0	0	0	0	42	
5	0	0	0	0	41	
6	0	0	0	0	42	
7	0	0	0	0	44	
8	0	0	0	0	42	
9	0	0	0	0	41	
10	0	0	0	0	44	
11	0	0	0	0	44	
12	0	0	0	0	42	
13	0	0	0	0	41	
14	0	0	0	0	42	
15	0	0	0	0	46	
0	0	0	0	0	43	
1	0	0	0	0	41	
2	0	0	0	0	43	
3	0	0	0	0	44	
4	0	0	0	0	45	
5	0	0	0	0	41	
6	0	0	0	0	43	
7	0	0	0	0	44	
8	0	0	0	0	43	
9	0	0	0	0	42	
10	0	0	0	0	43	
11	0	0	0	0	45	
12	0	0	0	0	43	
13	0	0	0	0	42	
14	0	0	0	0	46	
15	0	0	0	0	45	
0	0	0	0	0	44	
1	0	0	0	0	42	
2	0	0	0	0	44	
3	0	0	0	0	47	
4	0	0	0	0	44	
5	0	0	0	0	43	
6	0	0	0	0	44	
7	0	0	0	0	46	
8	0	0	0	0	44	
9	0	0	0	0	42	
10	0	0	0	0	44	
11	0	0	0	0	46	
12	0	0	0	0	44	
13	0	0	0	0	43	
14	0	0	0	0	44	
15	0	0	0	0	46	
0	0	0	0	0	44	
1	0	0	0	0	43	
2	0	0	0	0	44	
3	0	0	0	0	45	
4	0	0	0	0	44	
5	0	0	0	0	43	
6	0	0	0	0	44	
7	0	0	0	0	46	
8	0	0	0	0	44	
9	0	0	0	0	43	
10	0	0	0	0	44	
11	0	0	0	0	46	
12	0	0	0	0	44	
13	0	0	0	0	43	
14	0	0	0	0	44	
15	0	0	0	0	46	
0	0	0	0	0	44	
1	0	0	0	0	43	
2	0	0	0	0	44	
3	0	0	0	0	46	
4	0	0	0	0	44	
5	0	0	0	0	43	
6	0	0	0	0	44	
7	0	0	0	0	46	
8	0	0	0	0	44	
9	0	0	0	0	43	
10	0	0	0	0	44	
11	0	0	0	0	45	
12	0	0	0	0	44	
13	0	0	0	0	42	
14	0	0	0	0	44	
15	0	0	0	0	46	
0	0	0	0	0	44	
1	0	0	0	0	42	
2	0	0	0	0	44	
3	0	0	0	0	45	
4	0	0	0	0	44	
5	0	0	0	0	43	
6	0	0	0	0	44	
7	0	0	0	0	45	
8	0	0	0	0	43	
9	0	0	0	0	42	
10	0	0	0	0	44	
11	0	0	0	0	45	
12	0	0	0	0	43	
13	0	0	0	0	42	
14	0	0	0	0	44	
15	0	0	0	0	45	
0	0	0	0	0	44	
1	0	0	0	0	42	
2	0	0	0	0	44	
3	0	0	0	0	45	
4	0	0	0	0	43	
5	0	0	0	0	42	
6	0	0	0	0	44	
7	0	0	0	0	46	
8	0	0	0	0	44	
9	0	0	0	0	42	
10	0	0	0	0	44	
11	0	0	0	0	46	
12	0	0	0	0	44	
13	0	0	0	0	42	
14	0	0	0	0	43	
15	0	0	0	0	45	
0	0	0	0	0	43	
1	0	0	0	0	39	
2	0	0	0	0	40	
3	0	0	0	0	43	
4	0	0	0	0	42	
5	0	0	0	0	42	
6	0	0	0	0	44	
7	0	0	0	0	45	
8	0	0	0	0	43	
9	0	0	0	0	42	
10	0	0	0	0	44	
11	0	0	0	0	45	
12	0	0	0	0	44	
13	0	0	0	0	42	
14	0	0	0	0	43	
15	0	0	0	0	45	
0	0	0	0	0	43	
1	0	0	0	0	42	
2	0	0	0	0	44	
3	0	0	0	0	46	
4	0	0	0	0	44	
5	0	0	0	0	42	
6	0	0	0	0	43	
7	0	0	0	0	44	
8	0	0	0	0	42	
9	0	0	0	0	41	
10	0	0	0	0	41	
11	0	0	0	0	43	
12	0	0	0	0	41	
13	0	0	0	0	39	
14	0	0	0	0	40	
15	0	0	0	0	39	
0	0	0	0	0	38	
1	0	0	0	0	39	
2	0	0	0	0	39	
3	0	0	0	0	41	
4	0	0	0	0	39	
5	0	0	0	0	36	
6	0	0	0	0	37	
7	0	0	0	0	39	
8	0	0	0	0	36	
9	0	0	0	0	34	
10	0	0	0	0	35	
11	0	0	0	0	37	
12	0	0	0	0	35	
13	0	0	0	0	33	
14	0	0	0	0	34	
15	0	0	0	0	35	
0	0	0	0	0	33	
1	0	0	0	0	32	
2	0	0	0	0	33	
3	0	0	0	0	35	
4	0	0	0	0	34	
5	0	0	0	0	32	
6	0	0	0	0	34	
7	0	0	0	0	35	
8	0	0	0	0	34	
9	0	0	0	0	33	
10	0	0	0	0	34	
11	0	0	0	0	36	
12	0	0	0	0	35	
13	0	0	0	0	33	
14	0	0	0	0	35	
15	0	0	0	0	37	
0	0	0	0	0	35	
1	0	0	0	0	34	
2	0	0	0	0	35	
3	0	0	0	0	38	
4	0	0	0	0	36	
5	0	0	0	0	35	
6	0	0	0	0	36	
7	0	0	0	0	38	
8	0	0	0	0	36	
9	0	0	0	0	35	
10	0	0	0	0	37	
11	0	0	0	0	39	
12	0	0	0	0	37	
13	0	0	0	0	36	
14	0	0	0	0	37	
15	0	0	0	0	39	
0	0	0	0	0	38	
1	0	0	0	0	37	
2	0	0	0	0	38	
3	0	0	0	0	39	
4	0	0	0	0	38	
5	0	0	0	0	36	
6	0	0	0	0	38	
7	0	0	0	0	39	
8	0	0	0	0	37	
9	0	0	0	0	35	
10	0	0	0	0	36	
11	0	0	0	0	39	
12	0	0	0	0	36	
13	0	0	0	0	35	
14	0	0	0	0	36	
15	0	0	0	0	38	
0	0	0	0	0	36	
1	0	0	0	0	35	
2	0	0	0	0	35	
3	0	0	0	0	38	
4	0	0	0	0	35	
5	0	0	0	0	34	
6	0	0	0	0	35	
7	0	0	0	0	37	
8	0	0	0	0	35	
9	0	0	0	0	34	
10	0	0	0	0	35	
11	0	0	0	0	37	
12	0	0	0	0	35	
13	0	0	0	0	33	
14	0	0	0	0	35	
15	0	0	0	0	36	
0	0	0	0	0	35	
1	0	0	0	0	33	
2	0	0	0	0	34	
3	0	0	0	0	36	
4	0	0	0	0	34	
5	0	0	0	0	33	
6	0	0	0	0	34	
7	0	0	0	0	36	
8	0	0	0	0	35	
9	0	0	0	0	33	
10	0	0	0	0	35	
11	0	0	0	0	37	
12	0	0	0	0	35	
13	0	0	0	0	34	
14	0	0	0	0	35	
15	0	0	0	0	38	
0	0	0	0	0	36	
1	0	0	0	0	35	
2	0	0	0	0	36	
3	0	0	0	0	38	
4	0	0	0	0	36	
5	0	0	0	0	35	
6	0	0	0	0	36	
7	0	0	0	0	39	
8	0	0	0	0	37	
9	0	0	0	0	36	
10	0	0	0	0	37	
11	0	0	0	0	39	
12	0	0	0	0	38	
13	0	0	0	0	37	
14	0	0	0	0	38	
15	0	0	0	0	40	
0	0	0	0	0	39	
1	0	0	0	0	38	
2	0	0	0	0	39	
3	0	0	0	0	41	
4	0	0	0	0	39	
5	0	0	0	0	38	
6	0	0	0	0	39	
7	0	0	0	0	41	
8	0	0	0	0	39	
9	0	0	0	0	38	
10	0	0	0	0	39	
11	0	0	0	0	41	
12	0	0	0	0	39	
13	0	0	0	0	37	
14	0	0	0	0	39	
15	0	0	0	0	40	
0	0	0	0	0	38	
1	0	0	0	0	37	
2	0	0	0	0	38	
3	0	0	0	0	40	
4	0	0	0	0	38	
5	0	0	0	0	36	
6	0	0	0	0	38	
7	0	0	0	0	39	
8	0	0	0	0	38	
9	0	0	0	0	36	
10	0	0	0	0	38	
11	0	0	0	0	39	
12	0	0	0	0	37	
13	0	0	0	0	36	
14	0	0	0	0	37	
15	0	0	0	0	39	
0	0	0	0	0	37	
1	0	0	0	0	35	
2	0	0	0	0	37	
3	0	0	0	0	39	
4	0	0	0	0	263	
5	0	0	0	0	262	
6	0	0	0	0	262	
7	0	0	0	0	261	
8	0	0	0	0	261	
9	0	0	0	0	259	
10	0	0	0	0	260	
11	0	0	0	0	261	
12	0	0	0	0	260	
13	0	0	0	0	260	
14	0	0	0	0	261	
15	0	0	0	0	261	
0	0	0	0	0	260	
1	0	0	0	0	260	
2	0	0	0	0	260	
3	0	0	0	0	262	
4	0	0	0	0	262	
5	0	0	0	0	263	
6	0	0	0	0	265	
7	0	0	0	0	268	
8	0	0	0	0	270	
9	0	0	0	0	272	
10	0	0	0	0	275	
11	0	0	0	0	279	
12	0	0	0	0	281	
13	0	0	0	0	283	
14	0	0	0	0	285	
15	0	0	0	0	287	
0	0	0	0	0	288	
1	0	0	0	0	289	
2	0	0	0	0	292	
3	0	0	0	0	294	
4	0	0	0	0	296	
5	0	0	0	0	298	
6	0	0	0	0	299	
7	0	0	0	0	301	
8	0	0	0	0	302	
9	0	0	0	0	302	
10	0	0	0	0	303	
11	0	0	0	0	303	
12	0	0	0	0	303	
13	0	0	0	0	304	
14	0	0	0	0	304	
15	0	0	0	0	304	
0	0	0	0	0	304	
1	0	0	0	0	304	
2	0	0	0	0	304	
3	0	0	0	0	304	
4	0	0	0	0	304	
5	0	0	0	0	303	
6	0	0	0	0	303	
7	0	0	0	0	303	
8	0	0	0	0	301	
9	0	0	0	0	300	
10	0	0	0	0	300	
11	0	0	0	0	300	
12	0	0	0	0	299	
13	0	0	0	0	298	
14	0	0	0	0	297	
15	0	0	0	0	297	
0	0	0	0	0	296	
1	0	0	0	0	295	
2	0	0	0	0	295	
3	0	0	0	0	295	
4	0	0	0	0	294	
5	0	0	0	0	293	
6	0	0	0	0	293	
7	0	0	0	0	294	
8	0	0	0	0	293	
9	0	0	0	0	292	
10	0	0	0	0	292	
11	0	0	0	0	292	
12	0	0	0	0	291	
13	0	0	0	0	290	
14	0	0	0	0	290	
15	0	0	0	0	290	
0	0	0	0	0	289	
1	0	0	0	0	288	
2	0	0	0	0	288	
3	0	0	0	0	288	
4	0	0	0	0	287	
5	0	0	0	0	287	
6	0	0	0	0	287	
7	0	0	0	0	287	
8	0	0	0	0	287	
9	0	0	0	0	287	
10	0	0	0	0	287	
11	0	0	0	0	287	
12	0	0	0	0	287	
13	0	0	0	0	287	
14	0	0	0	0	287	
15	0	0	0	0	288	
0	0	0	0	0	287	
1	0	0	0	0	287	
2	0	0	0	0	288	
3	0	0	0	0	289	
4	0	0	0	0	288	
5	0	0	0	0	287	
6	0	0	0	0	288	
7	0	0	0	0	289	
8	0	0	0	0	288	
9	0	0	0	0	287	
10	0	0	0	0	287	
11	0	0	0	0	288	
12	0	0	0	0	287	
13	0	0	0	0	287	
14	0	0	0	0	287	
15	0	0	0	0	287	
0	0	0	0	0	287	
1	0	0	0	0	286	
2	0	0	0	0	286	
3	0	0	0	0	287	
4	0	0	0	0	287	
5	0	0	0	0	287	
6	0	0	0	0	287	
7	0	0	0	0	288	
8	0	0	0	0	287	
9	0	0	0	0	287	
10	0	0	0	0	288	
11	0	0	0	0	288	
12	0	0	0	0	288	
13	0	0	0	0	287	
14	0	0	0	0	288	
15	0	0	0	0	288	
0	0	0	0	0	288	
1	0	0	0	0	288	
2	0	0	0	0	288	
3	0	0	0	0	289	
4	0	0	0	0	288	
5	0	0	0	0	288	
6	0	0	0	0	288	
7	0	0	0	0	289	
8	0	0	0	0	289	
9	0	0	0	0	290	
10	0	0	0	0	291	
11	0	0	0	0	292	
12	0	0	0	0	291	
13	0	0	0	0	292	
14	0	0	0	0	292	
15	0	0	0	0	293	
0	0	0	0	0	292	
1	0	0	0	0	292	
2	0	0	0	0	292	
3	0	0	0	0	293	
4	0	0	0	0	292	
5	0	0	0	0	292	
6	0	0	0	0	292	
7	0	0	0	0	293	
8	0	0	0	0	293	
9	0	0	0	0	293	
10	0	0	0	0	293	
11	0	0	0	0	294	
12	0	0	0	0	294	
13	0	0	0	0	293	
14	0	0	0	0	293	
15	0	0	0	0	294	
0	0	0	0	0	293	
1	0	0	0	0	293	
2	0	0	0	0	294	
3	0	0	0	0	295	
4	0	0	0	0	294	
5	0	0	0	0	294	
6	0	0	0	0	294	
7	0	0	0	0	295	
8	0	0	0	0	294	
9	0	0	0	0	294	
10	0	0	0	0	294	
11	0	0	0	0	295	
12	0	0	0	0	294	
13	0	0	0	0	294	
14	0	0	0	0	294	
15	0	0	0	0	295	
0	0	0	0	0	294	
1	0	0	0	0	294	
2	0	0	0	0	294	
3	0	0	0	0	295	
4	0	0	0	0	295	
5	0	0	0	0	294	
6	0	0	0	0	295	
7	0	0	0	0	295	
8	0	0	0	0	295	
9	0	0	0	0	295	
10	0	0	0	0	295	
11	0	0	0	0	296	
12	0	0	0	0	295	
13	0	0	0	0	296	
14	0	0	0	0	296	
15	0	0	0	0	297	
0	0	0	0	0	296	
1	0	0	0	0	296	
2	0	0	0	0	297	
3	0	0	0	0	298	
4	0	0	0	0	297	
5	0	0	0	0	297	
6	0	0	0	0	297	
7	0	0	0	0	297	
8	0	0	0	0	296	
9	0	0	0	0	295	
10	0	0	0	0	296	
11	0	0	0	0	295	
12	0	0	0	0	295	
13	0	0	0	0	294	
14	0	0	0	0	294	
15	0	0	0	0	294	
0	0	0	0	0	293	
1	0	0	0	0	292	
2	0	0	0	0	291	
3	0	0	0	0	291	
4	0	0	0	0	290	
5	0	0	0	0	289	
6	0	0	0	0	289	
7	0	0	0	0	289	
8	0	0	0	0	288	
9	0	0	0	0	288	
10	0	0	0	0	288	
11	0	0	0	0	289	
12	0	0	0	0	288	
13	0	0	0	0	288	
14	0	0	0	0	288	
15	0	0	0	0	289	
0	0	0	0	0	289	
1	0	0	0	0	289	
2	0	0	0	0	289	
3	0	0	0	0	290	
4	0	0	0	0	290	
5	0	0	0	0	289	
6	0	0	0	0	290	
7	0	0	0	0	291	
8	0	0	0	0	290	
9	0	0	0	0	291	
10	0	0	0	0	291	
11	0	0	0	0	293	
12	0	0	0	0	293	
13	0	0	0	0	293	
14	0	0	0	0	294	
15	0	0	0	0	296	
0	0	0	0	0	295	
1	0	0	0	0	296	
2	0	0	0	0	297	
3	0	0	0	0	298	
4	0	0	0	0	297	
5	0	0	0	0	298	
6	0	0	0	0	299	
7	0	0	0	0	300	
8	0	0	0	0	300	
9	0	0	0	0	300	
10	0	0	0	0	301	
11	0	0	0	0	302	
12	0	0	0	0	302	
13	0	0	0	0	303	
14	0	0	0	0	303	
15	0	0	0	0	304	
0	0	0	0	0	303	
1	0	0	0	0	304	
2	0	0	0	0	304	
3	0	0	0	0	305	
4	0	0	0	0	305	
5	0	0	0	0	306	
6	0	0	0	0	307	
7	0	0	0	0	308	
8	0	0	0	0	308	
9	0	0	0	0	307	
10	0	0	0	0	308	
11	0	0	0	0	309	
12	0	0	0	0	308	
13	0	0	0	0	307	
14	0	0	0	0	307	
15	0	0	0	0	307	
0	0	0	0	0	306	
1	0	0	0	0	305	
2	0	0	0	0	305	
3	0	0	0	0	306	
4	0	0	0	0	305	
5	0	0	0	0	305	
6	0	0	0	0	305	
7	0	0	0	0	305	
8	0	0	0	0	304	
9	0	0	0	0	304	
10	0	0	0	0	303	
11	0	0	0	0	304	
12	0	0	0	0	304	
13	0	0	0	0	304	
14	0	0	0	0	304	
15	0	0	0	0	304	
0	0	0	0	0	304	
1	0	0	0	0	304	
2	0	0	0	0	304	
3	0	0	0	0	304	
4	0	0	0	0	304	
5	0	0	0	0	303	
6	0	0	0	0	303	
7	0	0	0	0	304	
8	0	0	0	0	303	
9	0	0	0	0	303	
10	0	0	0	0	303	
11	0	0	0	0	303	
12	0	0	0	0	303	
13	0	0	0	0	303	
14	0	0	0	0	303	
15	0	0	0	0	303	
0	0	0	0	0	303	
1	0	0	0	0	303	
2	0	0	0	0	303	
3	0	0	0	0	303	
4	0	0	0	0	303	
5	0	0	0	0	303	
6	0	0	0	0	303	
7	0	0	0	0	304	
8	0	0	0	0	304	
9	0	0	0	0	303	
10	0	0	0	0	304	
11	0	0	0	0	304	
12	0	0	0	0	304	
13	0	0	0	0	303	
14	0	0	0	0	304	
15	0	0	0	0	304	
0	0	0	0	0	304	
1	0	0	0	0	304	
2	0	0	0	0	305	
3	0	0	0	0	305	
4	0	0	0	0	304	
5	0	0	0	0	303	
6	0	0	0	0	302	
7	0	0	0	0	36	
8	0	0	0	0	34	
9	0	0	0	0	32	
10	0	0	0	0	34	
11	0	0	0	0	36	
12	0	0	0	0	34	
13	0	0	0	0	32	
14	0	0	0	0	34	
15	0	0	0	0	36	
0	0	0	0	0	34	
1	0	0	0	0	33	
2	0	0	0	0	34	
3	0	0	0	0	36	
4	0	0	0	0	34	
5	0	0	0	0	33	
6	0	0	0	0	35	
7	0	0	0	0	37	
8	0	0	0	0	35	
9	0	0	0	0	33	
10	0	0	0	0	35	
11	0	0	0	0	36	
12	0	0	0	0	35	
13	0	0	0	0	33	
14	0	0	0	0	35	
15	0	0	0	0	37	
0	0	0	0	0	35	
1	0	0	0	0	34	
2	0	0	0	0	35	
3	0	0	0	0	37	
4	0	0	0	0	35	
5	0	0	0	0	34	
6	0	0	0	0	35	
7	0	0	0	0	38	
8	0	0	0	0	36	
9	0	0	0	0	35	
10	0	0	0	0	36	
11	0	0	0	0	38	
12	0	0	0	0	37	
13	0	0	0	0	35	
14	0	0	0	0	37	
15	0	0	0	0	39	
0	0	0	0	0	38	
1	0	0	0	0	36	
2	0	0	0	0	38	
3	0	0	0	0	40	
4	0	0	0	0	38	
5	0	0	0	0	38	
6	0	0	0	0	39	
7	0	0	0	0	41	
8	0	0	0	0	39	
9	0	0	0	0	38	
10	0	0	0	0	39	
11	0	0	0	0	41	
12	0	0	0	0	40	
13	0	0	0	0	39	
14	0	0	0	0	40	
15	0	0	0	0	43	
0	0	0	0	0	41	
1	0	0	0	0	39	
2	0	0	0	0	41	
3	0	0	0	0	44	
4	0	0	0	0	42	
5	0	0	0	0	42	
6	0	0	0	0	44	
7	0	0	0	0	46	
8	0	0	0	0	45	
9	0	0	0	0	45	
10	0	0	0	0	47	
11	0	0	0	0	50	
12	0	0	0	0	49	
13	0	0	0	0	49	
14	0	0	0	0	50	
15	0	0	0	0	52	
0	0	0	0	0	51	
1	0	0	0	0	49	
2	0	0	0	0	51	
3	0	0	0	0	52	
4	0	0	0	0	51	
5	0	0	0	0	50	
6	0	0	0	0	51	
7	0	0	0	0	53	
8	0	0	0	0	51	
9	0	0	0	0	49	
10	0	0	0	0	51	
11	0	0	0	0	53	
12	0	0	0	0	51	
13	0	0	0	0	50	
14	0	0	0	0	51	
15	0	0	0	0	52	
0	0	0	0	0	51	
1	0	0	0	0	50	
2	0	0	0	0	51	
3	0	0	0	0	52	
4	0	0	0	0	51	
5	0	0	0	0	49	
6	0	0	0	0	51	
7	0	0	0	0	52	
8	0	0	0	0	51	
9	0	0	0	0	50	
10	0	0	0	0	51	
11	0	0	0	0	53	
12	0	0	0	0	51	
13	0	0	0	0	50	
14	0	0	0	0	51	
15	0	0	0	0	53	
0	0	0	0	0	51	
1	0	0	0	0	50	
2	0	0	0	0	51	
3	0	0	0	0	53	
4	0	0	0	0	51	
5	0	0	0	0	50	
6	0	0	0	0	51	
7	0	0	0	0	53	
8	0	0	0	0	51	
9	0	0	0	0	50	
10	0	0	0	0	51	
11	0	0	0	0	52	
12	0	0	0	0	51	
13	0	0	0	0	49	
14	0	0	0	0	50	
15	0	0	0	0	53	
0	0	0	0	0	51	
1	0	0	0	0	50	
2	0	0	0	0	50	
3	0	0	0	0	53	
4	0	0	0	0	51	
5	0	0	0	0	50	
6	0	0	0	0	51	
7	0	0	0	0	53	
8	0	0	0	0	51	
9	0	0	0	0	50	
10	0	0	0	0	51	
11	0	0	0	0	52	
12	0	0	0	0	51	
13	0	0	0	0	50	
14	0	0	0	0	51	
15	0	0	0	0	52	
0	0	0	0	0	51	
1	0	0	0	0	50	
2	0	0	0	0	50	
3	0	0	0	0	52	
4	0	0	0	0	51	
5	0	0	0	0	50	
6	0	0	0	0	51	
7	0	0	0	0	53	
8	0	0	0	0	51	
9	0	0	0	0	50	
10	0	0	0	0	51	
11	0	0	0	0	53	
12	0	0	0	0	51	
13	0	0	0	0	50	
14	0	0	0	0	51	
15	0	0	0	0	53	
0	0	0	0	0	51	
1	0	0	0	0	50	
2	0	0	0	0	51	
3	0	0	0	0	52	
4	0	0	0	0	51	
5	0	0	0	0	50	
6	0	0	0	0	51	
7	0	0	0	0	52	
8	0	0	0	0	50	
9	0	0	0	0	49	
10	0	0	0	0	51	
11	0	0	0	0	53	
12	0	0	0	0	51	
13	0	0	0	0	50	
14	0	0	0	0	51	
15	0	0	0	0	53	
0	0	0	0	0	51	
1	0	0	0	0	50	
2	0	0	0	0	51	
3	0	0	0	0	52	
4	0	0	0	0	51	
5	0	0	0	0	50	
6	0	0	0	0	51	
7	0	0	0	0	52	
8	0	0	0	0	51	
9	0	0	0	0	50	
10	0	0	0	0	51	
11	0	0	0	0	53	
12	0	0	0	0	51	
13	0	0	0	0	49	
14	0	0	0	0	51	
15	0	0	0	0	52	
0	0	0	0	0	51	
1	0	0	0	0	50	
2	0	0	0	0	51	
3	0	0	0	0	53	
4	0	0	0	0	51	
5	0	0	0	0	49	
6	0	0	0	0	51	
7	0	0	0	0	52	
8	0	0	0	0	51	
9	0	0	0	0	49	
10	0	0	0	0	49	
11	0	0	0	0	50	
12	0	0	0	0	48	
13	0	0	0	0	47	
14	0	0	0	0	48	
15	0	0	0	0	49	
0	0	0	0	0	48	
1	0	0	0	0	47	
2	0	0	0	0	47	
3	0	0	0	0	49	
4	0	0	0	0	47	
5	0	0	0	0	46	
6	0	0	0	0	47	
7	0	0	0	0	48	
8	0	0	0	0	47	
9	0	0	0	0	45	
10	0	0	0	0	46	
11	0	0	0	0	48	
12	0	0	0	0	46	
13	0	0	0	0	45	
14	0	0	0	0	46	
15	0	0	0	0	48	
0	0	0	0	0	46	
1	0	0	0	0	45	
2	0	0	0	0	46	
3	0	0	0	0	48	
4	0	0	0	0	47	
5	0	0	0	0	46	
6	0	0	0	0	47	
7	0	0	0	0	48	
8	0	0	0	0	47	
9	0	0	0	0	46	
10	0	0	0	0	47	
11	0	0	0	0	49	
12	0	0	0	0	48	
13	0	0	0	0	46	
14	0	0	0	0	48	
15	0	0	0	0	50	
0	0	0	0	0	48	
1	0	0	0	0	48	
2	0	0	0	0	49	
3	0	0	0	0	51	
4	0	0	0	0	50	
5	0	0	0	0	48	
6	0	0	0	0	50	
7	0	0	0	0	52	
8	0	0	0	0	51	
9	0	0	0	0	49	
10	0	0	0	0	51	
11	0	0	0	0	52	
12	0	0	0	0	50	
13	0	0	0	0	49	
14	0	0	0	0	51	
15	0	0	0	0	52	
0	0	0	0	0	51	
1	0	0	0	0	49	
2	0	0	0	0	50	
3	0	0	0	0	52	
4	0	0	0	0	50	
5	0	0	0	0	49	
6	0	0	0	0	51	
7	0	0	0	0	52	
8	0	0	0	0	51	
9	0	0	0	0	50	
10	0	0	0	0	51	
11	0	0	0	0	52	
12	0	0	0	0	51	
13	0	0	0	0	49	
14	0	0	0	0	51	
15	0	0	0	0	52	
0	0	0	0	0	51	
1	0	0	0	0	49	
2	0	0	0	0	51	
3	0	0	0	0	52	
4	0	0	0	0	50	
5	0	0	0	0	50	
6	0	0	0	0	51	
7	0	0	0	0	52	
8	0	0	0	0	50	
9	0	0	0	0	49	
10	0	0	0	0	51	
11	0	0	0	0	53	
12	0	0	0	0	51	
13	0	0	0	0	50	
14	0	0	0	0	51	
15	0	0	0	0	53	
0	0	0	0	0	51	
1	0	0	0	0	50	
2	0	0	0	0	50	
3	0	0	0	0	52	
4	0	0	0	0	51	
5	0	0	0	0	50	
6	0	0	0	0	51	
7	0	0	0	0	52	
8	0	0	0	0	51	
9	0	0	0	0	50	
10	0	0	0	0	51	
11	0	0	0	0	52	
12	0	0	0	0	51	
13	0	0	0	0	50	
14	0	0	0	0	51	
15	0	0	0	0	53	
0	0	0	0	0	51	
1	0	0	0	0	50	
2	0	0	0	0	51	
3	0	0	0	0	53	
4	0	0	0	0	51	
5	0	0	0	0	50	
6	0	0	0	0	51	
7	0	0	0	0	53	
8	0	0	0	0	51	
9	0	0	0	0	50	
10	0	0	0	0	52	
11	0	0	0	0	53	
12	0	0	0	0	51	
13	0	0	0	0	50	
14	0	0	0	0	51	
15	0	0	0	0	53	
0	0	0	0	0	51	
1	0	0	0	0	51	
2	0	0	0	0	52	
3	0	0	0	0	53	
4	0	0	0	0	52	
5	0	0	0	0	51	
6	0	0	0	0	52	
7	0	0	0	0	54	
8	0	0	0	0	52	
9	0	0	0	0	51	
10	0	0	0	0	52	
11	0	0	0	0	54	
12	0	0	0	0	53	
13	0	0	0	0	51	
14	0	0	0	0	52	
15	0	0	0	0	55	
0	0	0	0	0	53	
1	0	0	0	0	51	
2	0	0	0	0	53	
3	0	0	0	0	54	
4	0	0	0	0	52	
5	0	0	0	0	52	
6	0	0	0	0	53	
7	0	0	0	0	55	
8	0	0	0	0	53	
9	0	0	0	0	51	
10	0	0	0	0	53	
11	0	0	0	0	54	
12	0	0	0	0	53	
13	0	0	0	0	51	
14	0	0	0	0	53	
15	0	0	0	0	55	
0	0	0	0	0	53	
1	0	0	0	0	51	
2	0	0	0	0	49	
3	0	0	0	0	49	
4	0	0	0	0	46	
5	0	0	0	0	43	
6	0	0	0	0	43	
7	0	0	0	0	44	
8	0	0	0	0	42	
9	0	0	0	0	41	
10	0	0	0	0	42	
11	0	0	0	0	44	
12	0	0	0	0	43	
13	0	0	0	0	41	
14	0	0	0	0	43	
15	0	0	0	0	45	
0	0	0	0	0	43	
1	0	0	0	0	42	
2	0	0	0	0	43	
3	0	0	0	0	45	
4	0	0	0	0	43	
5	0	0	0	0	42	
6	0	0	0	0	43	
7	0	0	0	0	45	
8	0	0	0	0	43	
9	0	0	0	0	42	
10	0	0	0	0	43	
11	0	0	0	0	45	
12	0	0	0	0	43	
13	0	0	0	0	42	
14	0	0	0	0	43	
15	0	0	0	0	44	
0	0	0	0	0	41	
1	0	0	0	0	39	
2	0	0	0	0	40	
3	0	0	0	0	42	
4	0	0	0	0	34	
5	0	0	0	0	22	
6	0	0	0	0	18	
7	0	0	0	0	18	
8	0	0	0	0	14	
9	0	0	0	0	7	
10	0	0	0	0	7	
11	0	0	0	0	8	
12	0	0	0	0	6	
13	0	0	0	0	4	
14	0	0	0	0	6	
15	0	0	0	0	8	
0	0	0	0	0	6	
1	0	0	0	0	4	
2	0	0	0	0	6	
3	0	0	0	0	7	
4	0	0	0	0	5	
5	0	0	0	0	3	
6	0	0	0	0	6	
7	0	0	0	0	7	
8	0	0	0	0	6	
9	0	0	0	0	4	
10	0	0	0	0	6	
11	0	0	0	0	8	
12	0	0	0	0	6	
13	0	0	0	0	4	
14	0	0	0	0	6	
15	0	0	0	0	8	
0	0	0	0	0	6	
1	0	0	0	0	4	
2	0	0	0	0	6	
3	0	0	0	0	8	
4	0	0	0	0	6	
5	0	0	0	0	4	
6	0	0	0	0	6	
7	0	0	0	0	8	
8	0	0	0	0	6	
9	0	0	0	0	4	
10	0	0	0	0	6	
11	0	0	0	0	8	
12	0	0	0	0	6	
13	0	0	0	0	4	
14	0	0	0	0	6	
15	0	0	0	0	8	
0	0	0	0	0	6	
1	0	0	0	0	4	
2	0	0	0	0	6	
3	0	0	0	0	8	
4	0	0	0	0	6	
5	0	0	0	0	4	
6	0	0	0	0	6	
7	0	0	0	0	8	
8	0	0	0	0	6	
9	0	0	0	0	5	
10	0	0	0	0	6	
11	0	0	0	0	8	
12	0	0	0	0	6	
13	0	0	0	0	4	
14	0	0	0	0	6	
15	0	0	0	0	8	
0	0	0	0	0	6	
1	0	0	0	0	4	
2	0	0	0	0	6	
3	0	0	0	0	8	
4	0	0	0	0	6	
5	0	0	0	0	4	
6	0	0	0	0	6	
7	0	0	0	0	8	
8	0	0	0	0	6	
9	0	0	0	0	4	
10	0	0	0	0	6	
11	0	0	0	0	8	
12	0	0	0	0	6	
13	0	0	0	0	4	
14	0	0	0	0	6	
15	0	0	0	0	8	
0	0	0	0	0	6	
1	0	0	0	0	4	
2	0	0	0	0	6	
3	0	0	0	0	8	
4	0	0	0	0	6	
5	0	0	0	0	4	
6	0	0	0	0	6	
7	0	0	0	0	8	
8	0	0	0	0	6	
9	0	0	0	0	4	
10	0	0	0	0	6	
11	0	0	0	0	8	
12	0	0	0	0	6	
13	0	0	0	0	4	
14	0	0	0	0	6	
15	0	0	0	0	8	
0	0	0	0	0	6	
1	0	0	0	0	4	
2	0	0	0	0	6	
3	0	0	0	0	8	
4	0	0	0	0	6	
5	0	0	0	0	4	
6	0	0	0	0	6	
7	0	0	0	0	8	
8	0	0	0	0	6	
9	0	0	0	0	4	
10	0	0	0	0	6	
11	0	0	0	0	8	
12	0	0	0	0	6	
13	0	0	0	0	4	
14	0	0	0	0	6	
15	0	0	0	0	8	
0	0	0	0	0	6	
1	0	0	0	0	4	
2	0	0	0	0	6	
3	0	0	0	0	8	
4	0	0	0	0	6	
5	0	0	0	0	4	
6	0	0	0	0	6	
7	0	0	0	0	8	
8	0	0	0	0	6	
9	0	0	0	0	4	
10	0	0	0	0	6	
11	0	0	0	0	8	
12	0	0	0	0	6	
13	0	0	0	0	4	
14	0	0	0	0	6	
15	0	0	0	0	8	
0	0	0	0	0	6	
1	0	0	0	0	4	
2	0	0	0	0	6	
3	0	0	0	0	8	
4	0	0	0	0	6	
5	0	0	0	0	4	
6	0	0	0	0	6	
7	0	0	0	0	8	
8	0	0	0	0	6	
9	0	0	0	0	4	
10	0	0	0	0	6	
11	0	0	0	0	8	
12	0	0	0	0	6	
13	0	0	0	0	4	
14	0	0	0	0	6	
15	0	0	0	0	8	
0	0	0	0	0	6	
1	0	0	0	0	4	
2	0	0	0	0	6	
3	0	0	0	0	8	
4	0	0	0	0	6	
5	0	0	0	0	4	
6	0	0	0	0	6	
7	0	0	0	0	8	
8	0	0	0	0	6	
9	0	0	0	0	4	
10	0	0	0	0	6	
11	0	0	0	0	7	
12	0	0	0	0	6	
13	0	0	0	0	4	
14	0	0	0	0	6	
15	0	0	0	0	8	
0	0	0	0	0	6	
1	0	0	0	0	4	
2	0	0	0	0	6	
3	0	0	0	0	8	
4	0	0	0	0	6	
5	0	0	0	0	4	
6	0	0	0	0	6	
7	0	0	0	0	8	
8	0	0	0	0	6	
9	0	0	0	0	4	
10	0	0	0	0	6	
11	0	0	0	0	8	
12	0	0	0	0	6	
13	0	0	0	0	4	
14	0	0	0	0	6	
15	0	0	0	0	7	
0	0	0	0	0	6	
1	0	0	0	0	4	
2	0	0	0	0	6	
3	0	0	0	0	8	
4	0	0	0	0	6	
5	0	0	0	0	4	
6	0	0	0	0	6	
7	0	0	0	0	8	
8	0	0	0	0	6	
9	0	0	0	0	4	
10	0	0	0	0	6	
11	0	0	0	0	8	
12	0	0	0	0	6	
13	0	0	0	0	4	
14	0	0	0	0	6	
15	0	0	0	0	8	
0	0	0	0	0	6	
1	0	0	0	0	4	
2	0	0	0	0	6	
3	0	0	0	0	8	
4	0	0	0	0	6	
5	0	0	0	0	3	
6	0	0	0	0	5	
7	0	0	0	0	7	
8	0	0	0	0	6	
9	0	0	0	0	4	
10	0	0	0	0	6	
11	0	0	0	0	8	
12	0	0	0	0	6	
13	0	0	0	0	4	
14	0	0	0	0	6	
15	0	0	0	0	8	
0	0	0	0	0	6	
1	0	0	0	0	5	
2	0	0	0	0	9	
3	0	0	0	0	15	
4	0	0	0	0	15	
5	0	0	0	0	15	
6	0	0	0	0	19	
7	0	0	0	0	24	
8	0	0	0	0	25	
9	0	0	0	0	28	
10	0	0	0	0	37	
11	0	0	0	0	60	
12	0	0	0	0	60	
13	0	0	0	0	59	
14	0	0	0	0	63	
15	0	0	0	0	66	
0	0	0	0	0	65	
1	0	0	0	0	65	
2	0	0	0	0	67	
3	0	0	0	0	90	
4	0	0	0	0	88	
5	0	0	0	0	89	
6	0	0	0	0	93	
7	0	0	0	0	96	
8	0	0	0	0	97	
9	0	0	0	0	99	
10	0	0	0	0	104	
11	0	0	0	0	107	
12	0	0	0	0	106	
13	0	0	0	0	107	
14	0	0	0	0	109	
15	0	0	0	0	111	
0	0	0	0	0	111	
1	0	0	0	0	112	
2	0	0	0	0	114	
3	0	0	0	0	117	
4	0	0	0	0	117	
5	0	0	0	0	118	
6	0	0	0	0	120	
7	0	0	0	0	124	
8	0	0	0	0	124	
9	0	0	0	0	125	
10	0	0	0	0	127	
11	0	0	0	0	131	
12	0	0	0	0	132	
13	0	0	0	0	133	
14	0	0	0	0	136	
15	0	0	0	0	139	
0	0	0	0	0	141	
1	0	0	0	0	203	
2	0	0	0	0	207	
3	0	0	0	0	211	
4	0	0	0	0	214	
5	0	0	0	0	220	
6	0	0	0	0	224	
7	0	0	0	0	230	
8	0	0	0	0	234	
9	0	0	0	0	239	
10	0	0	0	0	244	
11	0	0	0	0	249	
12	0	0	0	0	253	
13	0	0	0	0	258	
14	0	0	0	0	262	
15	0	0	0	0	266	
0	0	0	0	0	270	
1	0	0	0	0	273	
2	0	0	0	0	276	
3	0	0	0	0	280	
4	0	0	0	0	282	
5	0	0	0	0	285	
6	0	0	0	0	288	
7	0	0	0	0	292	
8	0	0	0	0	295	
9	0	0	0	0	299	
10	0	0	0	0	302	
11	0	0	0	0	307	
12	0	0	0	0	309	
13	0	0	0	0	312	
14	0	0	0	0	316	
15	0	0	0	0	320	
0	0	0	0	0	324	
1	0	0	0	0	329	
2	0	0	0	0	334	
3	0	0	0	0	342	
4	0	0	0	0	348	
5	0	0	0	0	358	
6	0	0	0	0	366	
7	0	0	0	0	377	
8	0	0	0	0	387	
9	0	0	0	0	398	
10	0	0	0	0	411	
11	0	0	0	0	422	
12	0	0	0	0	433	
13	0	0	0	0	445	
14	0	0	0	0	457	
15	0	0	0	0	470	
0	0	0	0	0	481	
1	0	0	0	0	494	
2	0	0	0	0	507	
3	0	0	0	0	520	
4	0	0	0	0	534	
5	0	0	0	0	546	
6	0	0	0	0	558	
7	0	0	0	0	568	
8	0	0	0	0	577	
9	0	0	0	0	585	
10	0	0	0	0	592	
11	0	0	0	0	600	
12	0	0	0	0	606	
13	0	0	0	0	612	
14	0	0	0	0	619	
15	0	0	0	0	716	
0	0	0	0	0	722	
1	0	0	0	0	729	
2	0	0	0	0	735	
3	0	0	0	0	743	
4	0	0	0	0	750	
5	0	0	0	0	757	
6	0	0	0	0	764	
7	0	0	0	0	770	
8	0	0	0	0	775	
9	0	0	0	0	781	
10	0	0	0	0	786	
11	0	0	0	0	791	
12	0	0	0	0	796	
13	0	0	0	0	800	
14	0	0	0	0	803	
15	0	0	0	0	807	
0	0	0	0	0	810	
1	0	0	0	0	813	
2	0	0	0	0	816	
3	0	0	0	0	819	
4	0	0	0	0	821	
5	0	0	0	0	823	
6	0	0	0	0	825	
7	0	0	0	0	828	
8	0	0	0	0	830	
9	0	0	0	0	832	
10	0	0	0	0	834	
11	0	0	0	0	835	
12	0	0	0	0	835	
13	0	0	0	0	836	
14	0	0	0	0	836	
15	0	0	0	0	835	
0	0	0	0	0	834	
1	0	0	0	0	833	
2	0	0	0	0	832	
3	0	0	0	0	831	
4	0	0	0	0	829	
5	0	0	0	0	828	
6	0	0	0	0	827	
7	0	0	0	0	825	
8	0	0	0	0	824	
9	0	0	0	0	823	
10	0	0	0	0	822	
11	0	0	0	0	821	
12	0	0	0	0	820	
13	0	0	0	0	819	
14	0	0	0	0	819	
15	0	0	0	0	819	
0	0	0	0	0	818	
1	0	0	0	0	817	
2	0	0	0	0	816	
3	0	0	0	0	815	
4	0	0	0	0	814	
5	0	0	0	0	813	
6	0	0	0	0	812	
7	0	0	0	0	812	
8	0	0	0	0	811	
9	0	0	0	0	810	
10	0	0	0	0	810	
11	0	0	0	0	809	
12	0	0	0	0	807	
13	0	0	0	0	807	
14	0	0	0	0	806	
15	0	0	0	0	805	
0	0	0	0	0	805	
1	0	0	0	0	804	
2	0	0	0	0	804	
3	0	0	0	0	804	
4	0	0	0	0	804	
5	0	0	0	0	803	
6	0	0	0	0	803	
7	0	0	0	0	802	
8	0	0	0	0	801	
9	0	0	0	0	800	
10	0	0	0	0	799	
11	0	0	0	0	799	
12	0	0	0	0	798	
13	0	0	0	0	797	
14	0	0	0	0	796	
15	0	0	0	0	796	
0	0	0	0	0	796	
1	0	0	0	0	796	
2	0	0	0	0	797	
3	0	0	0	0	798	
4	0	0	0	0	798	
5	0	0	0	0	799	
6	0	0	0	0	799	
7	0	0	0	0	800	
8	0	0	0	0	801	
9	0	0	0	0	803	
10	0	0	0	0	804	
11	0	0	0	0	806	
12	0	0	0	0	807	
13	0	0	0	0	808	
14	0	0	0	0	809	
15	0	0	0	0	811	
0	0	0	0	0	812	
1	0	0	0	0	812	
2	0	0	0	0	814	
3	0	0	0	0	814	
4	0	0	0	0	815	
5	0	0	0	0	815	
6	0	0	0	0	815	
7	0	0	0	0	816	
8	0	0	0	0	816	
9	0	0	0	0	818	
10	0	0	0	0	818	
11	0	0	0	0	820	
12	0	0	0	0	820	
13	0	0	0	0	822	
14	0	0	0	0	823	
15	0	0	0	0	824	
0	0	0	0	0	824	
1	0	0	0	0	825	
2	0	0	0	0	826	
3	0	0	0	0	827	
4	0	0	0	0	827	
5	0	0	0	0	827	
6	0	0	0	0	828	
7	0	0	0	0	829	
8	0	0	0	0	830	
9	0	0	0	0	831	
10	0	0	0	0	831	
11	0	0	0	0	833	
12	0	0	0	0	834	
13	0	0	0	0	835	
14	0	0	0	0	837	
15	0	0	0	0	839	
0	0	0	0	0	839	
1	0	0	0	0	841	
2	0	0	0	0	842	
3	0	0	0	0	844	
4	0	0	0	0	845	
5	0	0	0	0	846	
6	0	0	0	0	847	
7	0	0	0	0	849	
8	0	0	0	0	850	
9	0	0	0	0	851	
10	0	0	0	0	851	
11	0	0	0	0	851	
12	0	0	0	0	851	
13	0	0	0	0	851	
14	0	0	0	0	851	
15	0	0	0	0	850	
0	0	0	0	0	849	
1	0	0	0	0	848	
2	0	0	0	0	847	
3	0	0	0	0	847	
4	0	0	0	0	846	
5	0	0	0	0	845	
6	0	0	0	0	845	
7	0	0	0	0	845	
8	0	0	0	0	846	
9	0	0	0	0	846	
10	0	0	0	0	847	
11	0	0	0	0	850	
12	0	0	0	0	852	
13	0	0	0	0	855	
14	0	0	0	0	857	
15	0	0	0	0	860	
0	0	0	0	0	864	
1	0	0	0	0	866	
2	0	0	0	0	868	
3	0	0	0	0	871	
4	0	0	0	0	872	
5	0	0	0	0	874	
6	0	0	0	0	875	
7	0	0	0	0	774	
8	0	0	0	0	770	
9	0	0	0	0	771	
10	0	0	0	0	772	
11	0	0	0	0	772	
12	0	0	0	0	773	
13	0	0	0	0	773	
14	0	0	0	0	774	
15	0	0	0	0	775	
0	0	0	0	0	775	
1	0	0	0	0	775	
2	0	0	0	0	774	
3	0	0	0	0	774	
4	0	0	0	0	773	
5	0	0	0	0	773	
6	0	0	0	0	773	
7	0	0	0	0	773	
8	0	0	0	0	773	
9	0	0	0	0	773	
10	0	0	0	0	773	
11	0	0	0	0	772	
12	0	0	0	0	772	
13	0	0	0	0	771	
14	0	0	0	0	771	
15	0	0	0	0	771	
0	0	0	0	0	771	
1	0	0	0	0	770	
2	0	0	0	0	495	
3	0	0	0	0	496	
4	0	0	0	0	496	
5	0	0	0	0	496	
6	0	0	0	0	496	
7	0	0	0	0	497	
8	0	0	0	0	496	
9	0	0	0	0	496	
10	0	0	0	0	497	
11	0	0	0	0	497	
12	0	0	0	0	497	
13	0	0	0	0	497	
14	0	0	0	0	497	
15	0	0	0	0	497	
0	0	0	0	0	497	
1	0	0	0	0	497	
2	0	0	0	0	497	
3	0	0	0	0	498	
4	0	0	0	0	498	
5	0	0	0	0	498	
6	0	0	0	0	499	
7	0	0	0	0	499	
8	0	0	0	0	499	
9	0	0	0	0	499	
10	0	0	0	0	500	
11	0	0	0	0	501	
12	0	0	0	0	500	
13	0	0	0	0	501	
14	0	0	0	0	501	
15	0	0	0	0	501	
0	0	0	0	0	501	
1	0	0	0	0	501	
2	0	0	0	0	502	
3	0	0	0	0	502	
4	0	0	0	0	501	
5	0	0	0	0	502	
6	0	0	0	0	502	
7	0	0	0	0	502	
8	0	0	0	0	502	
9	0	0	0	0	502	
10	0	0	0	0	502	
11	0	0	0	0	502	
12	0	0	0	0	503	
13	0	0	0	0	503	
14	0	0	0	0	503	
15	0	0	0	0	290	
0	0	0	0	0	291	
1	0	0	0	0	291	
2	0	0	0	0	291	
3	0	0	0	0	292	
4	0	0	0	0	291	
5	0	0	0	0	291	
6	0	0	0	0	291	
7	0	0	0	0	291	
8	0	0	0	0	291	
9	0	0	0	0	291	
10	0	0	0	0	291	
11	0	0	0	0	292	
12	0	0	0	0	291	
13	0	0	0	0	291	
14	0	0	0	0	291	
15	0	0	0	0	291	
0	0	0	0	0	291	
1	0	0	0	0	291	
2	0	0	0	0	291	
3	0	0	0	0	291	
4	0	0	0	0	291	
5	0	0	0	0	291	
6	0	0	0	0	291	
7	0	0	0	0	292	
8	0	0	0	0	291	
9	0	0	0	0	291	
10	0	0	0	0	291	
11	0	0	0	0	292	
12	0	0	0	0	291	
13	0	0	0	0	291	
14	0	0	0	0	292	
15	0	0	0	0	293	
0	0	0	0	0	293	
1	0	0	0	0	293	
2	0	0	0	0	293	
3	0	0	0	0	294	
4	0	0	0	0	294	
5	0	0	0	0	293	
6	0	0	0	0	293	
7	0	0	0	0	294	
8	0	0	0	0	294	
9	0	0	0	0	294	
10	0	0	0	0	294	
11	0	0	0	0	295	
12	0	0	0	0	294	
13	0	0	0	0	294	
14	0	0	0	0	294	
15	0	0	0	0	295	
0	0	0	0	0	294	
1	0	0	0	0	294	
2	0	0	0	0	294	
3	0	0	0	0	295	
4	0	0	0	0	294	
5	0	0	0	0	294	
6	0	0	0	0	294	
7	0	0	0	0	295	
8	0	0	0	0	294	
9	0	0	0	0	295	
10	0	0	0	0	295	
11	0	0	0	0	295	
12	0	0	0	0	295	
13	0	0	0	0	295	
14	0	0	0	0	295	
15	0	0	0	0	296	
0	0	0	0	0	295	
1	0	0	0	0	295	
2	0	0	0	0	295	
3	0	0	0	0	296	
4	0	0	0	0	295	
5	0	0	0	0	295	
6	0	0	0	0	295	
7	0	0	0	0	297	
8	0	0	0	0	296	
9	0	0	0	0	296	
10	0	0	0	0	296	
11	0	0	0	0	297	
12	0	0	0	0	296	
13	0	0	0	0	296	
14	0	0	0	0	297	
15	0	0	0	0	298	
0	0	0	0	0	297	
1	0	0	0	0	297	
2	0	0	0	0	298	
3	0	0	0	0	299	
4	0	0	0	0	298	
5	0	0	0	0	298	
6	0	0	0	0	298	
7	0	0	0	0	299	
8	0	0	0	0	298	
9	0	0	0	0	297	
10	0	0	0	0	297	
11	0	0	0	0	297	
12	0	0	0	0	295	
13	0	0	0	0	295	
14	0	0	0	0	295	
15	0	0	0	0	295	
0	0	0	0	0	294	
1	0	0	0	0	471	
2	0	0	0	0	508	
3	0	0	0	0	508	
4	0	0	0	0	507	
5	0	0	0	0	506	
6	0	0	0	0	506	
7	0	0	0	0	507	
8	0	0	0	0	506	
9	0	0	0	0	506	
10	0	0	0	0	506	
11	0	0	0	0	508	
12	0	0	0	0	507	
13	0	0	0	0	507	
14	0	0	0	0	507	
15	0	0	0	0	508	
0	0	0	0	0	507	
1	0	0	0	0	506	
2	0	0	0	0	505	
3	0	0	0	0	505	
4	0	0	0	0	504	
5	0	0	0	0	503	
6	0	0	0	0	503	
7	0	0	0	0	503	
8	0	0	0	0	501	
9	0	0	0	0	501	
10	0	0	0	0	738	
11	0	0	0	0	779	
12	0	0	0	0	777	
13	0	0	0	0	777	
14	0	0	0	0	776	
15	0	0	0	0	775	
0	0	0	0	0	774	
1	0	0	0	0	774	
2	0	0	0	0	773	
3	0	0	0	0	773	
4	0	0	0	0	771	
5	0	0	0	0	771	
6	0	0	0	0	770	
7	0	0	0	0	770	
8	0	0	0	0	769	
9	0	0	0	0	768	
10	0	0	0	0	768	
11	0	0	0	0	768	
12	0	0	0	0	767	
13	0	0	0	0	766	
14	0	0	0	0	766	
15	0	0	0	0	766	
0	0	0	0	0	766	
1	0	0	0	0	765	
2	0	0	0	0	766	
3	0	0	0	0	766	
4	0	0	0	0	766	
5	0	0	0	0	766	
6	0	0	0	0	765	
7	0	0	0	0	766	
8	0	0	0	0	765	
9	0	0	0	0	764	
10	0	0	0	0	764	
11	0	0	0	0	764	
12	0	0	0	0	763	
13	0	0	0	0	763	
14	0	0	0	0	763	
15	0	0	0	0	764	
0	0	0	0	0	764	
1	0	0	0	0	764	
2	0	0	0	0	764	
3	0	0	0	0	764	
4	0	0	0	0	764	
5	0	0	0	0	764	
6	0	0	0	0	764	
7	0	0	0	0	764	
8	0	0	0	0	763	
9	0	0	0	0	869	
10	0	0	0	0	869	
11	0	0	0	0	867	
12	0	0	0	0	865	
13	0	0	0	0	864	
14	0	0	0	0	862	
15	0	0	0	0	860	
0	0	0	0	0	857	
1	0	0	0	0	856	
2	0	0	0	0	854	
3	0	0	0	0	853	
4	0	0	0	0	851	
5	0	0	0	0	850	
6	0	0	0	0	850	
7	0	0	0	0	849	
8	0	0	0	0	848	
9	0	0	0	0	848	
10	0	0	0	0	847	
11	0	0	0	0	847	
12	0	0	0	0	847	
13	0	0	0	0	847	
14	0	0	0	0	847	
15	0	0	0	0	848	
0	0	0	0	0	848	
1	0	0	0	0	848	
2	0	0	0	0	847	
3	0	0	0	0	847	
4	0	0	0	0	847	
5	0	0	0	0	846	
6	0	0	0	0	846	
7	0	0	0	0	846	
8	0	0	0	0	846	
9	0	0	0	0	845	
10	0	0	0	0	845	
11	0	0	0	0	845	
12	0	0	0	0	845	
13	0	0	0	0	845	
14	0	0	0	0	845	
15	0	0	0	0	845	
0	0	0	0	0	844	
1	0	0	0	0	844	
2	0	0	0	0	843	
3	0	0	0	0	843	
4	0	0	0	0	843	
5	0	0	0	0	842	
6	0	0	0	0	842	
7	0	0	0	0	842	
8	0	0	0	0	841	
9	0	0	0	0	841	
10	0	0	0	0	841	
11	0	0	0	0	842	
12	0	0	0	0	841	
13	0	0	0	0	841	
14	0	0	0	0	841	
15	0	0	0	0	842	
0	0	0	0	0	842	
1	0	0	0	0	843	
2	0	0	0	0	843	
3	0	0	0	0	843	
4	0	0	0	0	843	
5	0	0	0	0	844	
6	0	0	0	0	844	
7	0	0	0	0	845	
8	0	0	0	0	846	
9	0	0	0	0	846	
10	0	0	0	0	847	
11	0	0	0	0	848	
12	0	0	0	0	848	
13	0	0	0	0	849	
14	0	0	0	0	849	
15	0	0	0	0	850	
0	0	0	0	0	849	
1	0	0	0	0	849	
2	0	0	0	0	848	
3	0	0	0	0	847	
4	0	0	0	0	846	
5	0	0	0	0	845	
6	0	0	0	0	845	
7	0	0	0	0	845	
8	0	0	0	0	844	
9	0	0	0	0	844	
10	0	0	0	0	844	
11	0	0	0	0	845	
12	0	0	0	0	845	
13	0	0	0	0	845	
14	0	0	0	0	845	
15	0	0	0	0	846	
0	0	0	0	0	846	
1	0	0	0	0	846	
2	0	0	0	0	846	
3	0	0	0	0	846	
4	0	0	0	0	846	
5	0	0	0	0	845	
6	0	0	0	0	845	
7	0	0	0	0	845	
8	0	0	0	0	844	
9	0	0	0	0	844	
10	0	0	0	0	844	
11	0	0	0	0	844	
12	0	0	0	0	844	
13	0	0	0	0	844	
14	0	0	0	0	844	
15	0	0	0	0	845	
0	0	0	0	0	844	
1	0	0	0	0	844	
2	0	0	0	0	845	
3	0	0	0	0	846	
4	0	0	0	0	845	
5	0	0	0	0	844	
6	0	0	0	0	844	
7	0	0	0	0	844	
8	0	0	0	0	843	
9	0	0	0	0	843	
10	0	0	0	0	842	
11	0	0	0	0	841	
12	0	0	0	0	840	
13	0	0	0	0	839	
14	0	0	0	0	839	
15	0	0	0	0	838	
0	0	0	0	0	837	
1	0	0	0	0	836	
2	0	0	0	0	836	
3	0	0	0	0	835	
4	0	0	0	0	835	
5	0	0	0	0	836	
6	0	0	0	0	732	
7	0	0	0	0	735	
8	0	0	0	0	736	
9	0	0	0	0	738	
10	0	0	0	0	740	
11	0	0	0	0	741	
12	0	0	0	0	742	
13	0	0	0	0	743	
14	0	0	0	0	743	
15	0	0	0	0	743	
0	0	0	0	0	743	
1	0	0	0	0	743	
2	0	0	0	0	743	
3	0	0	0	0	742	
4	0	0	0	0	741	
5	0	0	0	0	475	
6	0	0	0	0	475	
7	0	0	0	0	475	
8	0	0	0	0	474	
9	0	0	0	0	473	
10	0	0	0	0	472	
11	0	0	0	0	472	
12	0	0	0	0	471	
13	0	0	0	0	471	
14	0	0	0	0	470	
15	0	0	0	0	470	
0	0	0	0	0	468	
1	0	0	0	0	467	
2	0	0	0	0	465	
3	0	0	0	0	463	
4	0	0	0	0	460	
5	0	0	0	0	457	
6	0	0	0	0	455	
7	0	0	0	0	454	
8	0	0	0	0	451	
9	0	0	0	0	449	
10	0	0	0	0	448	
11	0	0	0	0	447	
12	0	0	0	0	446	
13	0	0	0	0	446	
14	0	0	0	0	446	
15	0	0	0	0	446	
0	0	0	0	0	445	
1	0	0	0	0	444	
2	0	0	0	0	444	
3	0	0	0	0	444	
4	0	0	0	0	443	
5	0	0	0	0	442	
6	0	0	0	0	441	
7	0	0	0	0	441	
8	0	0	0	0	441	
9	0	0	0	0	440	
10	0	0	0	0	439	
11	0	0	0	0	440	
12	0	0	0	0	438	
13	0	0	0	0	437	
14	0	0	0	0	436	
15	0	0	0	0	436	
0	0	0	0	0	435	
1	0	0	0	0	434	
2	0	0	0	0	433	
3	0	0	0	0	433	
4	0	0	0	0	432	
5	0	0	0	0	431	
6	0	0	0	0	430	
7	0	0	0	0	430	
8	0	0	0	0	430	
9	0	0	0	0	248	
10	0	0	0	0	249	
11	0	0	0	0	250	
12	0	0	0	0	248	
13	0	0	0	0	248	
14	0	0	0	0	248	
15	0	0	0	0	248	
0	0	0	0	0	247	
1	0	0	0	0	246	
2	0	0	0	0	246	
3	0	0	0	0	246	
4	0	0	0	0	244	
5	0	0	0	0	244	
6	0	0	0	0	243	
7	0	0	0	0	243	
8	0	0	0	0	242	
9	0	0	0	0	241	
10	0	0	0	0	241	
11	0	0	0	0	241	
12	0	0	0	0	240	
13	0	0	0	0	239	
14	0	0	0	0	238	
15	0	0	0	0	238	
0	0	0	0	0	237	
1	0	0	0	0	237	
2	0	0	0	0	237	
3	0	0	0	0	237	
4	0	0	0	0	236	
5	0	0	0	0	236	
6	0	0	0	0	236	
7	0	0	0	0	237	
8	0	0	0	0	236	
9	0	0	0	0	236	
10	0	0	0	0	236	
11	0	0	0	0	237	
12	0	0	0	0	236	
13	0	0	0	0	236	
14	0	0	0	0	236	
15	0	0	0	0	236	
0	0	0	0	0	235	
1	0	0	0	0	235	
2	0	0	0	0	235	
3	0	0	0	0	236	
4	0	0	0	0	235	
5	0	0	0	0	234	
6	0	0	0	0	233	
7	0	0	0	0	234	
8	0	0	0	0	233	
9	0	0	0	0	232	
10	0	0	0	0	232	
11	0	0	0	0	233	
12	0	0	0	0	232	
13	0	0	0	0	231	
14	0	0	0	0	231	
15	0	0	0	0	232	
0	0	0	0	0	231	
1	0	0	0	0	231	
2	0	0	0	0	231	
3	0	0	0	0	232	
4	0	0	0	0	231	
5	0	0	0	0	231	
6	0	0	0	0	231	
7	0	0	0	0	232	
8	0	0	0	0	231	
9	0	0	0	0	230	
10	0	0	0	0	230	
11	0	0	0	0	230	
12	0	0	0	0	228	
13	0	0	0	0	227	
14	0	0	0	0	227	
15	0	0	0	0	227	
0	0	0	0	0	225	
1	0	0	0	0	224	
2	0	0	0	0	224	
3	0	0	0	0	224	
4	0	0	0	0	222	
5	0	0	0	0	221	
6	0	0	0	0	221	
7	0	0	0	0	222	
8	0	0	0	0	220	
9	0	0	0	0	220	
10	0	0	0	0	220	
11	0	0	0	0	221	
12	0	0	0	0	220	
13	0	0	0	0	219	
14	0	0	0	0	220	
15	0	0	0	0	220	
0	0	0	0	0	219	
1	0	0	0	0	218	
2	0	0	0	0	218	
3	0	0	0	0	219	
4	0	0	0	0	218	
5	0	0	0	0	217	
6	0	0	0	0	217	
7	0	0	0	0	217	
8	0	0	0	0	216	
9	0	0	0	0	215	
10	0	0	0	0	216	
11	0	0	0	0	216	
12	0	0	0	0	215	
13	0	0	0	0	214	
14	0	0	0	0	214	
15	0	0	0	0	214	
0	0	0	0	0	211	
1	0	0	0	0	211	
2	0	0	0	0	210	
3	0	0	0	0	210	
4	0	0	0	0	209	
5	0	0	0	0	207	
6	0	0	0	0	207	
7	0	0	0	0	207	
8	0	0	0	0	206	
9	0	0	0	0	205	
10	0	0	0	0	205	
11	0	0	0	0	205	
12	0	0	0	0	203	
13	0	0	0	0	202	
14	0	0	0	0	201	
15	0	0	0	0	201	
0	0	0	0	0	199	
1	0	0	0	0	198	
2	0	0	0	0	198	
3	0	0	0	0	199	
4	0	0	0	0	197	
5	0	0	0	0	196	
6	0	0	0	0	197	
7	0	0	0	0	198	
8	0	0	0	0	197	
9	0	0	0	0	197	
10	0	0	0	0	198	
11	0	0	0	0	199	
12	0	0	0	0	199	
13	0	0	0	0	199	
14	0	0	0	0	200	
15	0	0	0	0	202	
0	0	0	0	0	201	
1	0	0	0	0	201	
2	0	0	0	0	201	
3	0	0	0	0	203	
4	0	0	0	0	201	
5	0	0	0	0	201	
6	0	0	0	0	202	
7	0	0	0	0	202	
8	0	0	0	0	200	
9	0	0	0	0	200	
10	0	0	0	0	199	
11	0	0	0	0	201	
12	0	0	0	0	199	
13	0	0	0	0	199	
14	0	0	0	0	199	
15	0	0	0	0	200	
0	0	0	0	0	199	
1	0	0	0	0	199	
2	0	0	0	0	199	
3	0	0	0	0	201	
4	0	0	0	0	200	
5	0	0	0	0	199	
6	0	0	0	0	200	
7	0	0	0	0	201	
8	0	0	0	0	200	
9	0	0	0	0	200	
10	0	0	0	0	200	
11	0	0	0	0	201	
12	0	0	0	0	201	
13	0	0	0	0	199	
14	0	0	0	0	200	
15	0	0	0	0	201	
0	0	0	0	0	200	
1	0	0	0	0	200	
2	0	0	0	0	200	
3	0	0	0	0	201	
4	0	0	0	0	200	
5	0	0	0	0	199	
6	0	0	0	0	200	
7	0	0	0	0	202	
8	0	0	0	0	200	
9	0	0	0	0	200	
10	0	0	0	0	201	
11	0	0	0	0	202	
12	0	0	0	0	201	
13	0	0	0	0	201	
14	0	0	0	0	202	
15	0	0	0	0	203	
0	0	0	0	0	203	
1	0	0	0	0	202	
2	0	0	0	0	203	
3	0	0	0	0	204	
4	0	0	0	0	203	
5	0	0	0	0	202	
6	0	0	0	0	203	
7	0	0	0	0	204	
8	0	0	0	0	204	
9	0	0	0	0	204	
10	0	0	0	0	204	
11	0	0	0	0	205	
12	0	0	0	0	205	
13	0	0	0	0	205	
14	0	0	0	0	206	
15	0	0	0	0	207	
0	0	0	0	0	206	
1	0	0	0	0	206	
2	0	0	0	0	207	
3	0	0	0	0	207	
4	0	0	0	0	207	
5	0	0	0	0	207	
6	0	0	0	0	207	
7	0	0	0	0	208	
8	0	0	0	0	207	
9	0	0	0	0	207	
10	0	0	0	0	207	
11	0	0	0	0	208	
12	0	0	0	0	208	
13	0	0	0	0	207	
14	0	0	0	0	208	
15	0	0	0	0	208	
0	0	0	0	0	208	
1	0	0	0	0	207	
2	0	0	0	0	208	
3	0	0	0	0	209	
4	0	0	0	0	208	
5	0	0	0	0	208	
6	0	0	0	0	209	
7	0	0	0	0	210	
8	0	0	0	0	210	
9	0	0	0	0	209	
10	0	0	0	0	210	
11	0	0	0	0	211	
12	0	0	0	0	210	
13	0	0	0	0	210	
14	0	0	0	0	211	
15	0	0	0	0	212	
0	0	0	0	0	211	
1	0	0	0	0	233	
2	0	0	0	0	237	
3	0	0	0	0	240	
4	0	0	0	0	240	
5	0	0	0	0	241	
6	0	0	0	0	242	
7	0	0	0	0	387	
8	0	0	0	0	388	
9	0	0	0	0	390	
10	0	0	0	0	391	
11	0	0	0	0	394	
12	0	0	0	0	395	
13	0	0	0	0	397	
14	0	0	0	0	398	
15	0	0	0	0	400	
0	0	0	0	0	401	
1	0	0	0	0	402	
2	0	0	0	0	403	
3	0	0	0	0	405	
4	0	0	0	0	406	
5	0	0	0	0	407	
6	0	0	0	0	409	
7	0	0	0	0	411	
8	0	0	0	0	412	
9	0	0	0	0	414	
10	0	0	0	0	415	
11	0	0	0	0	418	
12	0	0	0	0	419	
13	0	0	0	0	420	
14	0	0	0	0	422	
15	0	0	0	0	424	
0	0	0	0	0	424	
1	0	0	0	0	425	
2	0	0	0	0	427	
3	0	0	0	0	428	
4	0	0	0	0	428	
5	0	0	0	0	428	
6	0	0	0	0	429	
7	0	0	0	0	430	
8	0	0	0	0	430	
9	0	0	0	0	430	
10	0	0	0	0	431	
11	0	0	0	0	432	
12	0	0	0	0	432	
13	0	0	0	0	433	
14	0	0	0	0	434	
15	0	0	0	0	636	
0	0	0	0	0	636	
1	0	0	0	0	638	
2	0	0	0	0	638	
3	0	0	0	0	639	
4	0	0	0	0	640	
5	0	0	0	0	640	
6	0	0	0	0	641	
7	0	0	0	0	642	
8	0	0	0	0	643	
9	0	0	0	0	643	
10	0	0	0	0	644	
11	0	0	0	0	646	
12	0	0	0	0	647	
13	0	0	0	0	647	
14	0	0	0	0	648	
15	0	0	0	0	649	
0	0	0	0	0	648	
1	0	0	0	0	648	
2	0	0	0	0	649	
3	0	0	0	0	649	
4	0	0	0	0	648	
5	0	0	0	0	648	
6	0	0	0	0	648	
7	0	0	0	0	648	
8	0	0	0	0	648	
9	0	0	0	0	648	
10	0	0	0	0	648	
11	0	0	0	0	649	
12	0	0	0	0	650	
13	0	0	0	0	651	
14	0	0	0	0	652	
15	0	0	0	0	653	
0	0	0	0	0	655	
1	0	0	0	0	656	
2	0	0	0	0	658	
3	0	0	0	0	660	
4	0	0	0	0	662	
5	0	0	0	0	664	
6	0	0	0	0	666	
7	0	0	0	0	669	
8	0	0	0	0	670	
9	0	0	0	0	671	
10	0	0	0	0	673	
11	0	0	0	0	675	
12	0	0	0	0	676	
13	0	0	0	0	677	
14	0	0	0	0	678	
15	0	0	0	0	679	
0	0	0	0	0	680	
1	0	0	0	0	680	
2	0	0	0	0	680	
3	0	0	0	0	681	
4	0	0	0	0	680	
5	0	0	0	0	680	
6	0	0	0	0	681	
7	0	0	0	0	682	
8	0	0	0	0	683	
9	0	0	0	0	684	
10	0	0	0	0	685	
11	0	0	0	0	687	
12	0	0	0	0	688	
13	0	0	0	0	688	
14	0	0	0	0	689	
15	0	0	0	0	690	
0	0	0	0	0	690	
1	0	0	0	0	690	
2	0	0	0	0	690	
3	0	0	0	0	690	
4	0	0	0	0	690	
5	0	0	0	0	690	
6	0	0	0	0	690	
7	0	0	0	0	783	
8	0	0	0	0	783	
9	0	0	0	0	782	
10	0	0	0	0	782	
11	0	0	0	0	781	
12	0	0	0	0	780	
13	0	0	0	0	779	
14	0	0	0	0	778	
15	0	0	0	0	778	
0	0	0	0	0	776	
1	0	0	0	0	775	
2	0	0	0	0	775	
3	0	0	0	0	775	
4	0	0	0	0	774	
5	0	0	0	0	772	
6	0	0	0	0	772	
7	0	0	0	0	772	
8	0	0	0	0	771	
9	0	0	0	0	770	
10	0	0	0	0	770	
11	0	0	0	0	769	
12	0	0	0	0	769	
13	0	0	0	0	769	
14	0	0	0	0	769	
15	0	0	0	0	769	
0	0	0	0	0	768	
1	0	0	0	0	768	
2	0	0	0	0	768	
3	0	0	0	0	768	
4	0	0	0	0	768	
5	0	0	0	0	768	
6	0	0	0	0	767	
7	0	0	0	0	767	
8	0	0	0	0	766	
9	0	0	0	0	877	
10	0	0	0	0	876	
11	0	0	0	0	875	
12	0	0	0	0	874	
13	0	0	0	0	873	
14	0	0	0	0	872	
15	0	0	0	0	871	
0	0	0	0	0	870	
1	0	0	0	0	869	
2	0	0	0	0	869	
3	0	0	0	0	868	
4	0	0	0	0	867	
5	0	0	0	0	866	
6	0	0	0	0	865	
7	0	0	0	0	866	
8	0	0	0	0	865	
9	0	0	0	0	865	
10	0	0	0	0	865	
11	0	0	0	0	865	
12	0	0	0	0	864	
13	0	0	0	0	864	
14	0	0	0	0	863	
15	0	0	0	0	863	
0	0	0	0	0	862	
1	0	0	0	0	861	
2	0	0	0	0	860	
3	0	0	0	0	859	
4	0	0	0	0	858	
5	0	0	0	0	857	
6	0	0	0	0	856	
7	0	0	0	0	856	
8	0	0	0	0	927	
9	0	0	0	0	925	
10	0	0	0	0	924	
11	0	0	0	0	924	
12	0	0	0	0	923	
13	0	0	0	0	922	
14	0	0	0	0	921	
15	0	0	0	0	921	
0	0	0	0	0	921	
1	0	0	0	0	953	
2	0	0	0	0	953	
3	0	0	0	0	953	
4	0	0	0	0	953	
5	0	0	0	0	952	
6	0	0	0	0	952	
7	0	0	0	0	952	
8	0	0	0	0	952	
9	0	0	0	0	952	
10	0	0	0	0	952	
11	0	0	0	0	952	
12	0	0	0	0	951	
13	0	0	0	0	951	
14	0	0	0	0	951	
15	0	0	0	0	951	
0	0	0	0	0	950	
1	0	0	0	0	950	
2	0	0	0	0	950	
3	0	0	0	0	950	
4	0	0	0	0	949	
5	0	0	0	0	948	
6	0	0	0	0	948	
7	0	0	0	0	948	
8	0	0	0	0	947	
9	0	0	0	0	947	
10	0	0	0	0	947	
11	0	0	0	0	946	
12	0	0	0	0	945	
13	0	0	0	0	944	
14	0	0	0	0	944	
15	0	0	0	0	944	
0	0	0	0	0	942	
1	0	0	0	0	942	
2	0	0	0	0	941	
3	0	0	0	0	940	
4	0	0	0	0	939	
5	0	0	0	0	938	
6	0	0	0	0	937	
7	0	0	0	0	936	
8	0	0	0	0	935	
9	0	0	0	0	934	
10	0	0	0	0	934	
11	0	0	0	0	933	
12	0	0	0	0	932	
13	0	0	0	0	933	
14	0	0	0	0	933	
15	0	0	0	0	934	
0	0	0	0	0	934	
1	0	0	0	0	935	
2	0	0	0	0	935	
3	0	0	0	0	937	
4	0	0	0	0	937	
5	0	0	0	0	938	
6	0	0	0	0	939	
7	0	0	0	0	940	
8	0	0	0	0	940	
9	0	0	0	0	941	
10	0	0	0	0	941	
11	0	0	0	0	942	
12	0	0	0	0	943	
13	0	0	0	0	943	
14	0	0	0	0	943	
15	0	0	0	0	944	
0	0	0	0	0	944	
1	0	0	0	0	944	
2	0	0	0	0	945	
3	0	0	0	0	945	
4	0	0	0	0	945	
5	0	0	0	0	945	
6	0	0	0	0	946	
7	0	0	0	0	946	
8	0	0	0	0	946	
9	0	0	0	0	946	
10	0	0	0	0	946	
11	0	0	0	0	947	
12	0	0	0	0	947	
13	0	0	0	0	947	
14	0	0	0	0	947	
15	0	0	0	0	947	
0	0	0	0	0	948	
1	0	0	0	0	948	
2	0	0	0	0	948	
3	0	0	0	0	948	
4	0	0	0	0	948	
5	0	0	0	0	948	
6	0	0	0	0	948	
7	0	0	0	0	948	
8	0	0	0	0	948	
9	0	0	0	0	948	
10	0	0	0	0	948	
11	0	0	0	0	948	
12	0	0	0	0	948	
13	0	0	0	0	948	
14	0	0	0	0	948	
15	0	0	0	0	948	
0	0	0	0	0	948	
1	0	0	0	0	947	
2	0	0	0	0	948	
3	0	0	0	0	948	
4	0	0	0	0	948	
5	0	0	0	0	948	
6	0	0	0	0	948	
7	0	0	0	0	948	
8	0	0	0	0	948	
9	0	0	0	0	948	
10	0	0	0	0	949	
11	0	0	0	0	949	
12	0	0	0	0	949	
13	0	0	0	0	949	
14	0	0	0	0	949	
15	0	0	0	0	949	
0	0	0	0	0	948	
1	0	0	0	0	948	
2	0	0	0	0	948	
3	0	0	0	0	948	
4	0	0	0	0	948	
5	0	0	0	0	947	
6	0	0	0	0	946	
7	0	0	0	0	946	
8	0	0	0	0	946	
9	0	0	0	0	945	
10	0	0	0	0	945	
11	0	0	0	0	945	
12	0	0	0	0	945	
13	0	0	0	0	945	
14	0	0	0	0	946	
15	0	0	0	0	946	
0	0	0	0	0	947	
1	0	0	0	0	947	
2	0	0	0	0	947	
3	0	0	0	0	948	
4	0	0	0	0	949	
5	0	0	0	0	949	
6	0	0	0	0	950	
7	0	0	0	0	951	
8	0	0	0	0	951	
9	0	0	0	0	951	
10	0	0	0	0	951	
11	0	0	0	0	952	
12	0	0	0	0	952	
13	0	0	0	0	952	
14	0	0	0	0	952	
15	0	0	0	0	952	
0	0	0	0	0	952	
1	0	0	0	0	952	
2	0	0	0	0	952	
3	0	0	0	0	952	
4	0	0	0	0	952	
5	0	0	0	0	952	
6	0	0	0	0	952	
7	0	0	0	0	952	
8	0	0	0	0	951	
9	0	0	0	0	951	
10	0	0	0	0	951	
11	0	0	0	0	952	
12	0	0	0	0	951	
13	0	0	0	0	951	
14	0	0	0	0	951	
15	0	0	0	0	951	
0	0	0	0	0	951	
1	0	0	0	0	951	
2	0	0	0	0	951	
3	0	0	0	0	951	
4	0	0	0	0	951	
5	0	0	0	0	951	
6	0	0	0	0	951	
7	0	0	0	0	950	
8	0	0	0	0	950	
9	0	0	0	0	949	
10	0	0	0	0	949	
11	0	0	0	0	948	
12	0	0	0	0	948	
13	0	0	0	0	947	
14	0	0	0	0	947	
15	0	0	0	0	947	
0	0	0	0	0	946	
1	0	0	0	0	945	
2	0	0	0	0	945	
3	0	0	0	0	945	
4	0	0	0	0	944	
5	0	0	0	0	943	
6	0	0	0	0	943	
7	0	0	0	0	943	
8	0	0	0	0	943	
9	0	0	0	0	944	
10	0	0	0	0	944	
11	0	0	0	0	945	
12	0	0	0	0	946	
13	0	0	0	0	947	
14	0	0	0	0	947	
15	0	0	0	0	947	
0	0	0	0	0	947	
1	0	0	0	0	947	
2	0	0	0	0	887	
3	0	0	0	0	887	
4	0	0	0	0	885	
5	0	0	0	0	884	
6	0	0	0	0	883	
7	0	0	0	0	883	
8	0	0	0	0	881	
9	0	0	0	0	881	
10	0	0	0	0	880	
11	0	0	0	0	880	
12	0	0	0	0	879	
13	0	0	0	0	879	
14	0	0	0	0	879	
15	0	0	0	0	879	
0	0	0	0	0	879	
1	0	0	0	0	879	
2	0	0	0	0	879	
3	0	0	0	0	880	
4	0	0	0	0	880	
5	0	0	0	0	880	
6	0	0	0	0	880	
7	0	0	0	0	880	
8	0	0	0	0	880	
9	0	0	0	0	722	
10	0	0	0	0	723	
11	0	0	0	0	723	
12	0	0	0	0	724	
13	0	0	0	0	724	
14	0	0	0	0	724	
15	0	0	0	0	725	
0	0	0	0	0	724	
1	0	0	0	0	724	
2	0	0	0	0	725	
3	0	0	0	0	726	
4	0	0	0	0	726	
5	0	0	0	0	727	
6	0	0	0	0	727	
7	0	0	0	0	729	
8	0	0	0	0	729	
9	0	0	0	0	730	
10	0	0	0	0	731	
11	0	0	0	0	732	
12	0	0	0	0	733	
13	0	0	0	0	734	
14	0	0	0	0	734	
15	0	0	0	0	734	
0	0	0	0	0	734	
1	0	0	0	0	734	
2	0	0	0	0	734	
3	0	0	0	0	734	
4	0	0	0	0	734	
5	0	0	0	0	734	
6	0	0	0	0	735	
7	0	0	0	0	735	
8	0	0	0	0	735	
9	0	0	0	0	735	
10	0	0	0	0	735	
11	0	0	0	0	735	
12	0	0	0	0	735	
13	0	0	0	0	735	
14	0	0	0	0	735	
15	0	0	0	0	736	
0	0	0	0	0	735	
1	0	0	0	0	735	
2	0	0	0	0	736	
3	0	0	0	0	736	
4	0	0	0	0	736	
5	0	0	0	0	736	
6	0	0	0	0	736	
7	0	0	0	0	736	
8	0	0	0	0	736	
9	0	0	0	0	737	
10	0	0	0	0	679	
11	0	0	0	0	681	
12	0	0	0	0	681	
13	0	0	0	0	682	
14	0	0	0	0	683	
15	0	0	0	0	685	
0	0	0	0	0	686	
1	0	0	0	0	687	
2	0	0	0	0	688	
3	0	0	0	0	690	
4	0	0	0	0	690	
5	0	0	0	0	691	
6	0	0	0	0	691	
7	0	0	0	0	692	
8	0	0	0	0	691	
9	0	0	0	0	692	
10	0	0	0	0	692	
11	0	0	0	0	692	
12	0	0	0	0	693	
13	0	0	0	0	693	
14	0	0	0	0	693	
15	0	0	0	0	693	
0	0	0	0	0	693	
1	0	0	0	0	692	
2	0	0	0	0	692	
3	0	0	0	0	692	
4	0	0	0	0	691	
5	0	0	0	0	691	
6	0	0	0	0	691	
7	0	0	0	0	691	
8	0	0	0	0	690	
9	0	0	0	0	690	
10	0	0	0	0	691	
11	0	0	0	0	690	
12	0	0	0	0	690	
13	0	0	0	0	690	
14	0	0	0	0	690	
15	0	0	0	0	691	
0	0	0	0	0	691	
1	0	0	0	0	691	
2	0	0	0	0	691	
3	0	0	0	0	692	
4	0	0	0	0	691	
5	0	0	0	0	691	
6	0	0	0	0	691	
7	0	0	0	0	691	
8	0	0	0	0	691	
9	0	0	0	0	691	
10	0	0	0	0	691	
11	0	0	0	0	691	
12	0	0	0	0	691	
13	0	0	0	0	692	
14	0	0	0	0	693	
15	0	0	0	0	694	
0	0	0	0	0	694	
1	0	0	0	0	695	
2	0	0	0	0	696	
3	0	0	0	0	696	
4	0	0	0	0	697	
5	0	0	0	0	697	
6	0	0	0	0	698	
7	0	0	0	0	700	
8	0	0	0	0	701	
9	0	0	0	0	704	
10	0	0	0	0	705	
11	0	0	0	0	707	
12	0	0	0	0	708	
13	0	0	0	0	709	
14	0	0	0	0	709	
15	0	0	0	0	710	
0	0	0	0	0	709	
1	0	0	0	0	708	
2	0	0	0	0	709	
3	0	0	0	0	563	
4	0	0	0	0	564	
5	0	0	0	0	564	
6	0	0	0	0	563	
7	0	0	0	0	564	
8	0	0	0	0	563	
9	0	0	0	0	563	
10	0	0	0	0	562	
11	0	0	0	0	563	
12	0	0	0	0	562	
13	0	0	0	0	563	
14	0	0	0	0	563	
15	0	0	0	0	563	
0	0	0	0	0	563	
1	0	0	0	0	564	
2	0	0	0	0	564	
3	0	0	0	0	564	
4	0	0	0	0	564	
5	0	0	0	0	564	
6	0	0	0	0	564	
7	0	0	0	0	564	
8	0	0	0	0	564	
9	0	0	0	0	564	
10	0	0	0	0	564	
11	0	0	0	0	564	
12	0	0	0	0	564	
13	0	0	0	0	564	
14	0	0	0	0	564	
15	0	0	0	0	565	
0	0	0	0	0	564	
1	0	0	0	0	564	
2	0	0	0	0	565	
3	0	0	0	0	565	
4	0	0	0	0	565	
5	0	0	0	0	565	
6	0	0	0	0	565	
7	0	0	0	0	566	
8	0	0	0	0	566	
9	0	0	0	0	566	
10	0	0	0	0	566	
11	0	0	0	0	566	
12	0	0	0	0	566	
13	0	0	0	0	565	
14	0	0	0	0	566	
15	0	0	0	0	566	
0	0	0	0	0	566	
1	0	0	0	0	566	
2	0	0	0	0	566	
3	0	0	0	0	567	
4	0	0	0	0	567	
5	0	0	0	0	567	
6	0	0	0	0	567	
7	0	0	0	0	567	
8	0	0	0	0	567	
9	0	0	0	0	566	
10	0	0	0	0	566	
11	0	0	0	0	566	
12	0	0	0	0	566	
13	0	0	0	0	566	
14	0	0	0	0	565	
15	0	0	0	0	565	
0	0	0	0	0	565	
1	0	0	0	0	565	
2	0	0	0	0	565	
3	0	0	0	0	565	
4	0	0	0	0	565	
5	0	0	0	0	564	
6	0	0	0	0	564	
7	0	0	0	0	565	
8	0	0	0	0	564	
9	0	0	0	0	564	
10	0	0	0	0	564	
11	0	0	0	0	565	
12	0	0	0	0	564	
13	0	0	0	0	564	
14	0	0	0	0	564	
15	0	0	0	0	564	
0	0	0	0	0	564	
1	0	0	0	0	563	
2	0	0	0	0	563	
3	0	0	0	0	564	
4	0	0	0	0	564	
5	0	0	0	0	436	
6	0	0	0	0	437	
7	0	0	0	0	437	
8	0	0	0	0	436	
9	0	0	0	0	436	
10	0	0	0	0	436	
11	0	0	0	0	436	
12	0	0	0	0	435	
13	0	0	0	0	435	
14	0	0	0	0	435	
15	0	0	0	0	435	
0	0	0	0	0	435	
1	0	0	0	0	435	
2	0	0	0	0	435	
3	0	0	0	0	435	
4	0	0	0	0	435	
5	0	0	0	0	435	
6	0	0	0	0	435	
7	0	0	0	0	435	
8	0	0	0	0	435	
9	0	0	0	0	434	
10	0	0	0	0	434	
11	0	0	0	0	435	
12	0	0	0	0	434	
13	0	0	0	0	433	
14	0	0	0	0	433	
15	0	0	0	0	433	
0	0	0	0	0	433	
1	0	0	0	0	432	
2	0	0	0	0	432	
3	0	0	0	0	292	
4	0	0	0	0	291	
5	0	0	0	0	291	
6	0	0	0	0	291	
7	0	0	0	0	291	
8	0	0	0	0	291	
9	0	0	0	0	291	
10	0	0	0	0	291	
11	0	0	0	0	291	
12	0	0	0	0	291	
13	0	0	0	0	291	
14	0	0	0	0	291	
15	0	0	0	0	292	
0	0	0	0	0	291	
1	0	0	0	0	291	
2	0	0	0	0	291	
3	0	0	0	0	292	
4	0	0	0	0	291	
5	0	0	0	0	291	
6	0	0	0	0	291	
7	0	0	0	0	292	
8	0	0	0	0	291	
9	0	0	0	0	292	
10	0	0	0	0	292	
11	0	0	0	0	293	
12	0	0	0	0	292	
13	0	0	0	0	292	
14	0	0	0	0	292	
15	0	0	0	0	293	
0	0	0	0	0	293	
1	0	0	0	0	292	
2	0	0	0	0	293	
3	0	0	0	0	294	
4	0	0	0	0	293	
5	0	0	0	0	293	
6	0	0	0	0	293	
7	0	0	0	0	294	
8	0	0	0	0	292	
9	0	0	0	0	291	
10	0	0	0	0	290	
11	0	0	0	0	289	
12	0	0	0	0	287	
13	0	0	0	0	283	
14	0	0	0	0	280	
15	0	0	0	0	278	
0	0	0	0	0	273	
1	0	0	0	0	269	
2	0	0	0	0	265	
3	0	0	0	0	261	
4	0	0	0	0	256	
5	0	0	0	0	253	
6	0	0	0	0	377	
7	0	0	0	0	382	
8	0	0	0	0	377	
9	0	0	0	0	373	
10	0	0	0	0	370	
11	0	0	0	0	369	
12	0	0	0	0	367	
13	0	0	0	0	366	
14	0	0	0	0	365	
15	0	0	0	0	365	
0	0	0	0	0	363	
1	0	0	0	0	362	
2	0	0	0	0	360	
3	0	0	0	0	360	
4	0	0	0	0	358	
5	0	0	0	0	358	
6	0	0	0	0	357	
7	0	0	0	0	356	
8	0	0	0	0	356	
9	0	0	0	0	355	
10	0	0	0	0	355	
11	0	0	0	0	355	
12	0	0	0	0	353	
13	0	0	0	0	352	
14	0	0	0	0	352	
15	0	0	0	0	403	
0	0	0	0	0	401	
1	0	0	0	0	401	
2	0	0	0	0	401	
3	0	0	0	0	400	
4	0	0	0	0	400	
5	0	0	0	0	399	
6	0	0	0	0	399	
7	0	0	0	0	399	
8	0	0	0	0	398	
9	0	0	0	0	398	
10	0	0	0	0	398	
11	0	0	0	0	399	
12	0	0	0	0	399	
13	0	0	0	0	399	
14	0	0	0	0	399	
15	0	0	0	0	400	
0	0	0	0	0	401	
1	0	0	0	0	401	
2	0	0	0	0	401	
3	0	0	0	0	402	
4	0	0	0	0	402	
5	0	0	0	0	402	
6	0	0	0	0	403	
7	0	0	0	0	403	
8	0	0	0	0	404	
9	0	0	0	0	404	
10	0	0	0	0	404	
11	0	0	0	0	406	
12	0	0	0	0	407	
13	0	0	0	0	408	
14	0	0	0	0	409	
15	0	0	0	0	412	
0	0	0	0	0	414	
1	0	0	0	0	416	
2	0	0	0	0	419	
3	0	0	0	0	423	
4	0	0	0	0	426	
5	0	0	0	0	430	
6	0	0	0	0	433	
7	0	0	0	0	437	
8	0	0	0	0	440	
9	0	0	0	0	444	
10	0	0	0	0	446	
11	0	0	0	0	391	
12	0	0	0	0	393	
13	0	0	0	0	395	
14	0	0	0	0	396	
15	0	0	0	0	398	
0	0	0	0	0	398	
1	0	0	0	0	399	
2	0	0	0	0	399	
3	0	0	0	0	401	
4	0	0	0	0	400	
5	0	0	0	0	401	
6	0	0	0	0	402	
7	0	0	0	0	402	
8	0	0	0	0	402	
9	0	0	0	0	402	
10	0	0	0	0	403	
11	0	0	0	0	403	
12	0	0	0	0	403	
13	0	0	0	0	403	
14	0	0	0	0	403	
15	0	0	0	0	404	
0	0	0	0	0	403	
1	0	0	0	0	403	
2	0	0	0	0	404	
3	0	0	0	0	404	
4	0	0	0	0	404	
5	0	0	0	0	403	
6	0	0	0	0	404	
7	0	0	0	0	405	
8	0	0	0	0	405	
9	0	0	0	0	405	
10	0	0	0	0	406	
11	0	0	0	0	406	
12	0	0	0	0	406	
13	0	0	0	0	406	
14	0	0	0	0	407	
15	0	0	0	0	407	
0	0	0	0	0	407	
1	0	0	0	0	407	
2	0	0	0	0	407	
3	0	0	0	0	407	
4	0	0	0	0	407	
5	0	0	0	0	407	
6	0	0	0	0	407	
7	0	0	0	0	408	
8	0	0	0	0	407	
9	0	0	0	0	407	
10	0	0	0	0	407	
11	0	0	0	0	263	
12	0	0	0	0	263	
13	0	0	0	0	263	
14	0	0	0	0	263	
15	0	0	0	0	263	
0	0	0	0	0	263	
1	0	0	0	0	262	
2	0	0	0	0	263	
3	0	0	0	0	263	
4	0	0	0	0	263	
5	0	0	0	0	262	
6	0	0	0	0	263	
7	0	0	0	0	263	
8	0	0	0	0	262	
9	0	0	0	0	262	
10	0	0	0	0	262	
11	0	0	0	0	262	
12	0	0	0	0	262	
13	0	0	0	0	261	
14	0	0	0	0	261	
15	0	0	0	0	262	
0	0	0	0	0	260	
1	0	0	0	0	260	
2	0	0	0	0	260	
3	0	0	0	0	261	
4	0	0	0	0	260	
5	0	0	0	0	260	
6	0	0	0	0	260	
7	0	0	0	0	260	
8	0	0	0	0	259	
9	0	0	0	0	259	
10	0	0	0	0	259	
11	0	0	0	0	259	
12	0	0	0	0	259	
13	0	0	0	0	258	
14	0	0	0	0	258	
15	0	0	0	0	259	
0	0	0	0	0	258	
1	0	0	0	0	258	
2	0	0	0	0	258	
3	0	0	0	0	259	
4	0	0	0	0	258	
5	0	0	0	0	258	
6	0	0	0	0	258	
7	0	0	0	0	259	
8	0	0	0	0	258	
9	0	0	0	0	258	
10	0	0	0	0	258	
11	0	0	0	0	259	
12	0	0	0	0	258	
13	0	0	0	0	257	
14	0	0	0	0	257	
15	0	0	0	0	257	
0	0	0	0	0	256	
1	0	0	0	0	255	
2	0	0	0	0	255	
3	0	0	0	0	256	
4	0	0	0	0	255	
5	0	0	0	0	254	
6	0	0	0	0	255	
7	0	0	0	0	255	
8	0	0	0	0	255	
9	0	0	0	0	254	
10	0	0	0	0	254	
11	0	0	0	0	255	
12	0	0	0	0	254	
13	0	0	0	0	254	
14	0	0	0	0	254	
15	0	0	0	0	254	
0	0	0	0	0	254	
1	0	0	0	0	253	
2	0	0	0	0	254	
3	0	0	0	0	254	
4	0	0	0	0	254	
5	0	0	0	0	253	
6	0	0	0	0	253	
7	0	0	0	0	254	
8	0	0	0	0	253	
9	0	0	0	0	253	
10	0	0	0	0	253	
11	0	0	0	0	253	
12	0	0	0	0	252	
13	0	0	0	0	251	
14	0	0	0	0	252	
15	0	0	0	0	252	
0	0	0	0	0	290	
1	0	0	0	0	401	
2	0	0	0	0	401	
3	0	0	0	0	403	
4	0	0	0	0	402	
5	0	0	0	0	403	
6	0	0	0	0	403	
7	0	0	0	0	404	
8	0	0	0	0	403	
9	0	0	0	0	403	
10	0	0	0	0	404	
11	0	0	0	0	404	
12	0	0	0	0	537	
13	0	0	0	0	537	
14	0	0	0	0	537	
15	0	0	0	0	537	
0	0	0	0	0	537	
1	0	0	0	0	538	
2	0	0	0	0	538	
3	0	0	0	0	539	
4	0	0	0	0	539	
5	0	0	0	0	540	
6	0	0	0	0	540	
7	0	0	0	0	541	
8	0	0	0	0	542	
9	0	0	0	0	408	
10	0	0	0	0	408	
11	0	0	0	0	409	
12	0	0	0	0	408	
13	0	0	0	0	408	
14	0	0	0	0	408	
15	0	0	0	0	408	
0	0	0	0	0	408	
1	0	0	0	0	407	
2	0	0	0	0	408	
3	0	0	0	0	261	
4	0	0	0	0	260	
5	0	0	0	0	260	
6	0	0	0	0	260	
7	0	0	0	0	260	
8	0	0	0	0	260	
9	0	0	0	0	260	
10	0	0	0	0	260	
11	0	0	0	0	261	
12	0	0	0	0	261	
13	0	0	0	0	260	
14	0	0	0	0	261	
15	0	0	0	0	262	
0	0	0	0	0	261	
1	0	0	0	0	260	
2	0	0	0	0	260	
3	0	0	0	0	261	
4	0	0	0	0	260	
5	0	0	0	0	260	
6	0	0	0	0	260	
7	0	0	0	0	261	
8	0	0	0	0	260	
9	0	0	0	0	260	
10	0	0	0	0	261	
11	0	0	0	0	261	
12	0	0	0	0	261	
13	0	0	0	0	260	
14	0	0	0	0	261	
15	0	0	0	0	261	
0	0	0	0	0	261	
1	0	0	0	0	261	
2	0	0	0	0	261	
3	0	0	0	0	262	
4	0	0	0	0	262	
5	0	0	0	0	262	
6	0	0	0	0	262	
7	0	0	0	0	263	
8	0	0	0	0	158	
9	0	0	0	0	158	
10	0	0	0	0	158	
11	0	0	0	0	159	
12	0	0	0	0	158	
13	0	0	0	0	158	
14	0	0	0	0	159	
15	0	0	0	0	159	
0	0	0	0	0	159	
1	0	0	0	0	158	
2	0	0	0	0	159	
3	0	0	0	0	159	
4	0	0	0	0	158	
5	0	0	0	0	158	
6	0	0	0	0	159	
7	0	0	0	0	159	
8	0	0	0	0	159	
9	0	0	0	0	158	
10	0	0	0	0	158	
11	0	0	0	0	159	
12	0	0	0	0	159	
13	0	0	0	0	158	
14	0	0	0	0	159	
15	0	0	0	0	159	
0	0	0	0	0	158	
1	0	0	0	0	158	
2	0	0	0	0	159	
3	0	0	0	0	159	
4	0	0	0	0	158	
5	0	0	0	0	157	
6	0	0	0	0	158	
7	0	0	0	0	158	
8	0	0	0	0	157	
9	0	0	0	0	156	
10	0	0	0	0	157	
11	0	0	0	0	157	
12	0	0	0	0	156	
13	0	0	0	0	155	
14	0	0	0	0	154	
15	0	0	0	0	155	
0	0	0	0	0	152	
1	0	0	0	0	150	
2	0	0	0	0	149	
3	0	0	0	0	148	
4	0	0	0	0	144	
5	0	0	0	0	142	
6	0	0	0	0	140	
7	0	0	0	0	139	
8	0	0	0	0	135	
9	0	0	0	0	133	
10	0	0	0	0	213	
11	0	0	0	0	212	
12	0	0	0	0	209	
13	0	0	0	0	317	
14	0	0	0	0	316	
15	0	0	0	0	316	
0	0	0	0	0	315	
1	0	0	0	0	315	
2	0	0	0	0	314	
3	0	0	0	0	315	
4	0	0	0	0	359	
5	0	0	0	0	359	
6	0	0	0	0	360	
7	0	0	0	0	361	
8	0	0	0	0	361	
9	0	0	0	0	361	
10	0	0	0	0	363	
11	0	0	0	0	365	
12	0	0	0	0	366	
13	0	0	0	0	367	
14	0	0	0	0	368	
15	0	0	0	0	371	
0	0	0	0	0	373	
1	0	0	0	0	376	
2	0	0	0	0	381	
3	0	0	0	0	386	
4	0	0	0	0	340	
5	0	0	0	0	345	
6	0	0	0	0	351	
7	0	0	0	0	357	
8	0	0	0	0	363	
9	0	0	0	0	240	
10	0	0	0	0	243	
11	0	0	0	0	248	
12	0	0	0	0	251	
13	0	0	0	0	254	
14	0	0	0	0	155	
15	0	0	0	0	158	
0	0	0	0	0	158	
1	0	0	0	0	158	
2	0	0	0	0	159	
3	0	0	0	0	47	
4	0	0	0	0	45	
5	0	0	0	0	44	
6	0	0	0	0	45	
7	0	0	0	0	47	
8	0	0	0	0	45	
9	0	0	0	0	44	
10	0	0	0	0	45	
11	0	0	0	0	47	
12	0	0	0	0	45	
13	0	0	0	0	44	
14	0	0	0	0	45	
15	0	0	0	0	154	
0	0	0	0	0	151	
1	0	0	0	0	149	
2	0	0	0	0	243	
3	0	0	0	0	242	
4	0	0	0	0	240	
5	0	0	0	0	238	
6	0	0	0	0	368	
7	0	0	0	0	368	
8	0	0	0	0	368	
9	0	0	0	0	369	
10	0	0	0	0	371	
11	0	0	0	0	372	
12	0	0	0	0	373	
13	0	0	0	0	374	
14	0	0	0	0	376	
15	0	0	0	0	378	
0	0	0	0	0	380	
1	0	0	0	0	382	
2	0	0	0	0	385	
3	0	0	0	0	390	
4	0	0	0	0	392	
5	0	0	0	0	256	
6	0	0	0	0	258	
7	0	0	0	0	261	
8	0	0	0	0	158	
9	0	0	0	0	158	
10	0	0	0	0	159	
11	0	0	0	0	161	
12	0	0	0	0	160	
13	0	0	0	0	43	
14	0	0	0	0	45	
15	0	0	0	0	46	
0	0	0	0	0	45	
1	0	0	0	0	43	
2	0	0	0	0	45	
3	0	0	0	0	47	
4	0	0	0	0	45	
5	0	0	0	0	155	
6	0	0	0	0	154	
7	0	0	0	0	154	
8	0	0	0	0	198	
9	0	0	0	0	247	
10	0	0	0	0	245	
11	0	0	0	0	244	
12	0	0	0	0	373	
13	0	0	0	0	372	
14	0	0	0	0	373	
15	0	0	0	0	375	
0	0	0	0	0	375	
1	0	0	0	0	376	
2	0	0	0	0	379	
3	0	0	0	0	382	
4	0	0	0	0	384	
5	0	0	0	0	387	
6	0	0	0	0	253	
7	0	0	0	0	255	
8	0	0	0	0	257	
9	0	0	0	0	156	
10	0	0	0	0	158	
11	0	0	0	0	159	
12	0	0	0	0	44	
13	0	0	0	0	42	
14	0	0	0	0	43	
15	0	0	0	0	45	
0	0	0	0	0	43	
1	0	0	0	0	42	
2	0	0	0	0	43	
3	0	0	0	0	45	
4	0	0	0	0	43	
5	0	0	0	0	42	
6	0	0	0	0	43	
7	0	0	0	0	45	
8	0	0	0	0	152	
9	0	0	0	0	150	
10	0	0	0	0	247	
11	0	0	0	0	245	
12	0	0	0	0	242	
13	0	0	0	0	372	
14	0	0	0	0	371	
15	0	0	0	0	371	
0	0	0	0	0	371	
1	0	0	0	0	371	
2	0	0	0	0	373	
3	0	0	0	0	376	
4	0	0	0	0	378	
5	0	0	0	0	381	
6	0	0	0	0	385	
7	0	0	0	0	252	
8	0	0	0	0	253	
9	0	0	0	0	255	
10	0	0	0	0	212	
11	0	0	0	0	157	
12	0	0	0	0	43	
13	0	0	0	0	41	
14	0	0	0	0	43	
15	0	0	0	0	45	
0	0	0	0	0	43	
1	0	0	0	0	42	
2	0	0	0	0	44	
3	0	0	0	0	45	
4	0	0	0	0	43	
5	0	0	0	0	42	
6	0	0	0	0	43	
7	0	0	0	0	45	
8	0	0	0	0	43	
9	0	0	0	0	42	
10	0	0	0	0	43	
11	0	0	0	0	45	
12	0	0	0	0	43	
13	0	0	0	0	41	
14	0	0	0	0	43	
15	0	0	0	0	45	
0	0	0	0	0	43	
1	0	0	0	0	42	
2	0	0	0	0	43	
3	0	0	0	0	45	
4	0	0	0	0	43	
5	0	0	0	0	43	
6	0	0	0	0	45	
7	0	0	0	0	47	
8	0	0	0	0	45	
9	0	0	0	0	44	
10	0	0	0	0	45	
11	0	0	0	0	47	
12	0	0	0	0	45	
13	0	0	0	0	44	
14	0	0	0	0	46	
15	0	0	0	0	47	
0	0	0	0	0	46	
1	0	0	0	0	44	
2	0	0	0	0	46	
3	0	0	0	0	47	
4	0	0	0	0	46	
5	0	0	0	0	45	
6	0	0	0	0	47	
7	0	0	0	0	48	
8	0	0	0	0	47	
9	0	0	0	0	46	
10	0	0	0	0	47	
11	0	0	0	0	49	
12	0	0	0	0	48	
13	0	0	0	0	47	
14	0	0	0	0	49	
15	0	0	0	0	51	
0	0	0	0	0	50	
1	0	0	0	0	49	
2	0	0	0	0	50	
3	0	0	0	0	52	
4	0	0	0	0	51	
5	0	0	0	0	51	
6	0	0	0	0	52	
7	0	0	0	0	55	
8	0	0	0	0	53	
9	0	0	0	0	52	
10	0	0	0	0	54	
11	0	0	0	0	56	
12	0	0	0	0	55	
13	0	0	0	0	54	
14	0	0	0	0	55	
15	0	0	0	0	56	
0	0	0	0	0	55	
1	0	0	0	0	54	
2	0	0	0	0	55	
3	0	0	0	0	57	
4	0	0	0	0	55	
5	0	0	0	0	54	
6	0	0	0	0	56	
7	0	0	0	0	57	
8	0	0	0	0	56	
9	0	0	0	0	55	
10	0	0	0	0	56	
11	0	0	0	0	58	
12	0	0	0	0	56	
13	0	0	0	0	55	
14	0	0	0	0	56	
15	0	0	0	0	58	
0	0	0	0	0	56	
1	0	0	0	0	55	
2	0	0	0	0	56	
3	0	0	0	0	58	
4	0	0	0	0	56	
5	0	0	0	0	55	
6	0	0	0	0	56	
7	0	0	0	0	58	
8	0	0	0	0	56	
9	0	0	0	0	55	
10	0	0	0	0	56	
11	0	0	0	0	58	
12	0	0	0	0	56	
13	0	0	0	0	55	
14	0	0	0	0	56	
15	0	0	0	0	58	
0	0	0	0	0	56	
1	0	0	0	0	55	
2	0	0	0	0	56	
3	0	0	0	0	58	
4	0	0	0	0	56	
5	0	0	0	0	55	
6	0	0	0	0	56	
7	0	0	0	0	57	
8	0	0	0	0	56	
9	0	0	0	0	55	
10	0	0	0	0	56	
11	0	0	0	0	57	
12	0	0	0	0	56	
13	0	0	0	0	55	
14	0	0	0	0	56	
15	0	0	0	0	57	
0	0	0	0	0	56	
1	0	0	0	0	55	
2	0	0	0	0	56	
3	0	0	0	0	58	
4	0	0	0	0	56	
5	0	0	0	0	55	
6	0	0	0	0	56	
7	0	0	0	0	57	
8	0	0	0	0	56	
9	0	0	0	0	55	
10	0	0	0	0	56	
11	0	0	0	0	57	
12	0	0	0	0	56	
13	0	0	0	0	55	
14	0	0	0	0	56	
15	0	0	0	0	57	
0	0	0	0	0	56	
1	0	0	0	0	55	
2	0	0	0	0	56	
3	0	0	0	0	57	
4	0	0	0	0	56	
5	0	0	0	0	55	
6	0	0	0	0	56	
7	0	0	0	0	57	
8	0	0	0	0	56	
9	0	0	0	0	55	
10	0	0	0	0	56	
11	0	0	0	0	57	
12	0	0	0	0	56	
13	0	0	0	0	55	
14	0	0	0	0	56	
15	0	0	0	0	57	
0	0	0	0	0	56	
1	0	0	0	0	55	
2	0	0	0	0	56	
3	0	0	0	0	57	
4	0	0	0	0	55	
5	0	0	0	0	55	
6	0	0	0	0	56	
7	0	0	0	0	57	
8	0	0	0	0	56	
9	0	0	0	0	55	
10	0	0	0	0	56	
11	0	0	0	0	57	
12	0	0	0	0	55	
13	0	0	0	0	55	
14	0	0	0	0	56	
15	0	0	0	0	57	
0	0	0	0	0	56	
1	0	0	0	0	55	
2	0	0	0	0	56	
3	0	0	0	0	57	
4	0	0	0	0	56	
5	0	0	0	0	55	
6	0	0	0	0	56	
7	0	0	0	0	57	
8	0	0	0	0	56	
9	0	0	0	0	55	
10	0	0	0	0	56	
11	0	0	0	0	57	
12	0	0	0	0	55	
13	0	0	0	0	54	
14	0	0	0	0	56	
15	0	0	0	0	57	
0	0	0	0	0	56	
1	0	0	0	0	55	
2	0	0	0	0	56	
3	0	0	0	0	57	
4	0	0	0	0	56	
5	0	0	0	0	55	
6	0	0	0	0	56	
7	0	0	0	0	57	
8	0	0	0	0	56	
9	0	0	0	0	55	
10	0	0	0	0	56	
11	0	0	0	0	57	
12	0	0	0	0	55	
13	0	0	0	0	54	
14	0	0	0	0	56	
15	0	0	0	0	57	
0	0	0	0	0	56	
1	0	0	0	0	54	
2	0	0	0	0	55	
3	0	0	0	0	57	
4	0	0	0	0	55	
5	0	0	0	0	55	
6	0	0	0	0	55	
7	0	0	0	0	57	
8	0	0	0	0	55	
9	0	0	0	0	54	
10	0	0	0	0	55	
11	0	0	0	0	57	
12	0	0	0	0	55	
13	0	0	0	0	54	
14	0	0	0	0	55	
15	0	0	0	0	56	
0	0	0	0	0	55	
1	0	0	0	0	53	
2	0	0	0	0	55	
3	0	0	0	0	56	
4	0	0	0	0	55	
5	0	0	0	0	53	
6	0	0	0	0	55	
7	0	0	0	0	56	
8	0	0	0	0	54	
9	0	0	0	0	53	
10	0	0	0	0	55	
11	0	0	0	0	56	
12	0	0	0	0	55	
13	0	0	0	0	53	
14	0	0	0	0	54	
15	0	0	0	0	56	
0	0	0	0	0	54	
1	0	0	0	0	53	
2	0	0	0	0	54	
3	0	0	0	0	55	
4	0	0	0	0	54	
5	0	0	0	0	53	
6	0	0	0	0	54	
7	0	0	0	0	55	
8	0	0	0	0	54	
9	0	0	0	0	52	
10	0	0	0	0	53	
11	0	0	0	0	55	
12	0	0	0	0	53	
13	0	0	0	0	52	
14	0	0	0	0	53	
15	0	0	0	0	55	
0	0	0	0	0	53	
1	0	0	0	0	51	
2	0	0	0	0	53	
3	0	0	0	0	54	
4	0	0	0	0	53	
5	0	0	0	0	51	
6	0	0	0	0	52	
7	0	0	0	0	54	
8	0	0	0	0	53	
9	0	0	0	0	51	
10	0	0	0	0	52	
11	0	0	0	0	54	
12	0	0	0	0	52	
