# OpenSignals Text File Format. Version 1
# {"84:BA:20:5E:FF:58": {"position": 0, "device": "bitalino_rev", "device name": "84:BA:20:5E:FF:58", "device connection": "BTH84:BA:20:5E:FF:58", "sampling rate": 100, "resolution": [4, 1, 1, 1, 1, 10], "firmware version": 1282, "comments": "", "keywords": "", "mode": 0, "sync interval": 2, "date": "2024-3-1", "time": "18:41:25.641", "channels": [4], "sensor": ["EEGBITREV"], "label": ["A4"], "column": ["nSeq", "I1", "I2", "O1", "O2", "A4"], "special": [{}], "digital IO": [0, 0, 1, 1]}}
# EndOfHeader
0	0	0	0	0	676	
1	0	0	0	0	628	
2	0	0	0	0	613	
3	0	0	0	0	381	
4	0	0	0	0	525	
5	0	0	0	0	561	
6	0	0	0	0	811	
7	0	0	0	0	342	
8	0	0	0	0	260	
9	0	0	0	0	528	
10	0	0	0	0	764	
11	0	0	0	0	395	
12	0	0	0	0	573	
13	0	0	0	0	642	
14	0	0	0	0	611	
15	0	0	0	0	472	
0	0	0	0	0	609	
1	0	0	0	0	719	
2	0	0	0	0	517	
3	0	0	0	0	599	
4	0	0	0	0	399	
5	0	0	0	0	659	
6	0	0	0	0	493	
7	0	0	0	0	407	
8	0	0	0	0	455	
9	0	0	0	0	593	
10	0	0	0	0	527	
11	0	0	0	0	551	
12	0	0	0	0	573	
13	0	0	0	0	347	
14	0	0	0	0	507	
15	0	0	0	0	523	
0	0	0	0	0	507	
1	0	0	0	0	581	
2	0	0	0	0	415	
3	0	0	0	0	274	
4	0	0	0	0	540	
5	0	0	0	0	313	
6	0	0	0	0	352	
7	0	0	0	0	289	
8	0	0	0	0	661	
9	0	0	0	0	487	
10	0	0	0	0	526	
11	0	0	0	0	432	
12	0	0	0	0	587	
13	0	0	0	0	573	
14	0	0	0	0	680	
15	0	0	0	0	564	
0	0	0	0	0	361	
1	0	0	0	0	694	
2	0	0	0	0	629	
3	0	0	0	0	497	
4	0	0	0	0	372	
5	0	0	0	0	265	
6	0	0	0	0	580	
7	0	0	0	0	540	
8	0	0	0	0	483	
9	0	0	0	0	502	
10	0	0	0	0	507	
11	0	0	0	0	552	
12	0	0	0	0	572	
13	0	0	0	0	510	
14	0	0	0	0	401	
15	0	0	0	0	607	
0	0	0	0	0	685	
1	0	0	0	0	372	
2	0	0	0	0	504	
3	0	0	0	0	424	
4	0	0	0	0	554	
5	0	0	0	0	444	
6	0	0	0	0	458	
7	0	0	0	0	529	
8	0	0	0	0	621	
9	0	0	0	0	630	
10	0	0	0	0	271	
11	0	0	0	0	540	
12	0	0	0	0	548	
13	0	0	0	0	821	
14	0	0	0	0	451	
15	0	0	0	0	624	
0	0	0	0	0	690	
1	0	0	0	0	591	
2	0	0	0	0	598	
3	0	0	0	0	558	
4	0	0	0	0	486	
5	0	0	0	0	332	
6	0	0	0	0	786	
7	0	0	0	0	620	
8	0	0	0	0	303	
9	0	0	0	0	589	
10	0	0	0	0	617	
11	0	0	0	0	582	
12	0	0	0	0	291	
13	0	0	0	0	387	
14	0	0	0	0	223	
15	0	0	0	0	486	
0	0	0	0	0	542	
1	0	0	0	0	464	
2	0	0	0	0	492	
3	0	0	0	0	523	
4	0	0	0	0	495	
5	0	0	0	0	514	
6	0	0	0	0	531	
7	0	0	0	0	477	
8	0	0	0	0	496	
9	0	0	0	0	542	
10	0	0	0	0	453	
11	0	0	0	0	441	
12	0	0	0	0	512	
13	0	0	0	0	291	
14	0	0	0	0	600	
15	0	0	0	0	385	
0	0	0	0	0	684	
1	0	0	0	0	400	
2	0	0	0	0	584	
3	0	0	0	0	579	
4	0	0	0	0	260	
5	0	0	0	0	523	
6	0	0	0	0	622	
7	0	0	0	0	395	
8	0	0	0	0	583	
9	0	0	0	0	340	
10	0	0	0	0	670	
11	0	0	0	0	715	
12	0	0	0	0	509	
13	0	0	0	0	608	
14	0	0	0	0	507	
15	0	0	0	0	414	
0	0	0	0	0	582	
1	0	0	0	0	661	
2	0	0	0	0	450	
3	0	0	0	0	393	
4	0	0	0	0	429	
5	0	0	0	0	377	
6	0	0	0	0	426	
7	0	0	0	0	404	
8	0	0	0	0	314	
9	0	0	0	0	528	
10	0	0	0	0	510	
11	0	0	0	0	607	
12	0	0	0	0	369	
13	0	0	0	0	331	
14	0	0	0	0	492	
15	0	0	0	0	714	
0	0	0	0	0	494	
1	0	0	0	0	453	
2	0	0	0	0	421	
3	0	0	0	0	390	
4	0	0	0	0	500	
5	0	0	0	0	648	
6	0	0	0	0	686	
7	0	0	0	0	467	
8	0	0	0	0	543	
9	0	0	0	0	531	
10	0	0	0	0	391	
11	0	0	0	0	702	
12	0	0	0	0	511	
13	0	0	0	0	467	
14	0	0	0	0	513	
15	0	0	0	0	558	
0	0	0	0	0	575	
1	0	0	0	0	582	
2	0	0	0	0	533	
3	0	0	0	0	563	
4	0	0	0	0	517	
5	0	0	0	0	492	
6	0	0	0	0	513	
7	0	0	0	0	607	
8	0	0	0	0	548	
9	0	0	0	0	594	
10	0	0	0	0	572	
11	0	0	0	0	549	
12	0	0	0	0	281	
13	0	0	0	0	727	
14	0	0	0	0	766	
15	0	0	0	0	478	
0	0	0	0	0	355	
1	0	0	0	0	657	
2	0	0	0	0	740	
3	0	0	0	0	448	
4	0	0	0	0	480	
5	0	0	0	0	493	
6	0	0	0	0	638	
7	0	0	0	0	435	
8	0	0	0	0	566	
9	0	0	0	0	451	
10	0	0	0	0	666	
11	0	0	0	0	272	
12	0	0	0	0	767	
13	0	0	0	0	495	
14	0	0	0	0	522	
15	0	0	0	0	583	
0	0	0	0	0	642	
1	0	0	0	0	461	
2	0	0	0	0	498	
3	0	0	0	0	398	
4	0	0	0	0	584	
5	0	0	0	0	566	
6	0	0	0	0	503	
7	0	0	0	0	513	
8	0	0	0	0	411	
9	0	0	0	0	460	
10	0	0	0	0	563	
11	0	0	0	0	419	
12	0	0	0	0	359	
13	0	0	0	0	654	
14	0	0	0	0	523	
15	0	0	0	0	396	
0	0	0	0	0	548	
1	0	0	0	0	551	
2	0	0	0	0	452	
3	0	0	0	0	432	
4	0	0	0	0	553	
5	0	0	0	0	649	
6	0	0	0	0	571	
7	0	0	0	0	447	
8	0	0	0	0	553	
9	0	0	0	0	410	
10	0	0	0	0	459	
11	0	0	0	0	700	
12	0	0	0	0	563	
13	0	0	0	0	558	
14	0	0	0	0	524	
15	0	0	0	0	605	
0	0	0	0	0	440	
1	0	0	0	0	448	
2	0	0	0	0	689	
3	0	0	0	0	851	
4	0	0	0	0	392	
5	0	0	0	0	372	
6	0	0	0	0	481	
7	0	0	0	0	478	
8	0	0	0	0	554	
9	0	0	0	0	442	
10	0	0	0	0	617	
11	0	0	0	0	515	
12	0	0	0	0	227	
13	0	0	0	0	587	
14	0	0	0	0	497	
15	0	0	0	0	461	
0	0	0	0	0	519	
1	0	0	0	0	541	
2	0	0	0	0	412	
3	0	0	0	0	386	
4	0	0	0	0	618	
5	0	0	0	0	488	
6	0	0	0	0	479	
7	0	0	0	0	512	
8	0	0	0	0	452	
9	0	0	0	0	488	
10	0	0	0	0	369	
11	0	0	0	0	442	
12	0	0	0	0	510	
13	0	0	0	0	431	
14	0	0	0	0	486	
15	0	0	0	0	609	
0	0	0	0	0	459	
1	0	0	0	0	424	
2	0	0	0	0	640	
3	0	0	0	0	527	
4	0	0	0	0	402	
5	0	0	0	0	477	
6	0	0	0	0	661	
7	0	0	0	0	583	
8	0	0	0	0	564	
9	0	0	0	0	402	
10	0	0	0	0	609	
11	0	0	0	0	382	
12	0	0	0	0	619	
13	0	0	0	0	576	
14	0	0	0	0	562	
15	0	0	0	0	453	
0	0	0	0	0	625	
1	0	0	0	0	399	
2	0	0	0	0	536	
3	0	0	0	0	383	
4	0	0	0	0	596	
5	0	0	0	0	575	
6	0	0	0	0	513	
7	0	0	0	0	444	
8	0	0	0	0	474	
9	0	0	0	0	342	
10	0	0	0	0	613	
11	0	0	0	0	526	
12	0	0	0	0	492	
13	0	0	0	0	483	
14	0	0	0	0	484	
15	0	0	0	0	593	
0	0	0	0	0	613	
1	0	0	0	0	568	
2	0	0	0	0	481	
3	0	0	0	0	502	
4	0	0	0	0	564	
5	0	0	0	0	575	
6	0	0	0	0	582	
7	0	0	0	0	592	
8	0	0	0	0	550	
9	0	0	0	0	403	
10	0	0	0	0	461	
11	0	0	0	0	455	
12	0	0	0	0	572	
13	0	0	0	0	498	
14	0	0	0	0	431	
15	0	0	0	0	497	
0	0	0	0	0	549	
1	0	0	0	0	522	
2	0	0	0	0	536	
3	0	0	0	0	604	
4	0	0	0	0	594	
5	0	0	0	0	432	
6	0	0	0	0	395	
7	0	0	0	0	445	
8	0	0	0	0	446	
9	0	0	0	0	445	
10	0	0	0	0	534	
11	0	0	0	0	555	
12	0	0	0	0	569	
13	0	0	0	0	444	
14	0	0	0	0	596	
15	0	0	0	0	638	
0	0	0	0	0	601	
1	0	0	0	0	516	
2	0	0	0	0	525	
3	0	0	0	0	539	
4	0	0	0	0	563	
5	0	0	0	0	487	
6	0	0	0	0	536	
7	0	0	0	0	524	
8	0	0	0	0	545	
9	0	0	0	0	524	
10	0	0	0	0	553	
11	0	0	0	0	527	
12	0	0	0	0	591	
13	0	0	0	0	533	
14	0	0	0	0	568	
15	0	0	0	0	496	
0	0	0	0	0	466	
1	0	0	0	0	591	
2	0	0	0	0	523	
3	0	0	0	0	539	
4	0	0	0	0	450	
5	0	0	0	0	524	
6	0	0	0	0	504	
7	0	0	0	0	431	
8	0	0	0	0	352	
9	0	0	0	0	465	
10	0	0	0	0	463	
11	0	0	0	0	353	
12	0	0	0	0	395	
13	0	0	0	0	409	
14	0	0	0	0	553	
15	0	0	0	0	470	
0	0	0	0	0	479	
1	0	0	0	0	494	
2	0	0	0	0	479	
3	0	0	0	0	549	
4	0	0	0	0	524	
5	0	0	0	0	441	
6	0	0	0	0	467	
7	0	0	0	0	582	
8	0	0	0	0	513	
9	0	0	0	0	465	
10	0	0	0	0	403	
11	0	0	0	0	465	
12	0	0	0	0	662	
13	0	0	0	0	526	
14	0	0	0	0	600	
15	0	0	0	0	508	
0	0	0	0	0	513	
1	0	0	0	0	427	
2	0	0	0	0	504	
3	0	0	0	0	526	
4	0	0	0	0	504	
5	0	0	0	0	467	
6	0	0	0	0	650	
7	0	0	0	0	556	
8	0	0	0	0	499	
9	0	0	0	0	477	
10	0	0	0	0	359	
11	0	0	0	0	451	
12	0	0	0	0	533	
13	0	0	0	0	592	
14	0	0	0	0	572	
15	0	0	0	0	401	
0	0	0	0	0	548	
1	0	0	0	0	466	
2	0	0	0	0	434	
3	0	0	0	0	485	
4	0	0	0	0	470	
5	0	0	0	0	463	
6	0	0	0	0	492	
7	0	0	0	0	610	
8	0	0	0	0	438	
9	0	0	0	0	378	
10	0	0	0	0	449	
11	0	0	0	0	622	
12	0	0	0	0	667	
13	0	0	0	0	322	
14	0	0	0	0	339	
15	0	0	0	0	544	
0	0	0	0	0	639	
1	0	0	0	0	413	
2	0	0	0	0	445	
3	0	0	0	0	501	
4	0	0	0	0	685	
5	0	0	0	0	592	
6	0	0	0	0	339	
7	0	0	0	0	339	
8	0	0	0	0	738	
9	0	0	0	0	563	
10	0	0	0	0	435	
11	0	0	0	0	469	
12	0	0	0	0	515	
13	0	0	0	0	553	
14	0	0	0	0	616	
15	0	0	0	0	608	
0	0	0	0	0	666	
1	0	0	0	0	566	
2	0	0	0	0	537	
3	0	0	0	0	513	
4	0	0	0	0	643	
5	0	0	0	0	696	
6	0	0	0	0	499	
7	0	0	0	0	286	
8	0	0	0	0	534	
9	0	0	0	0	548	
10	0	0	0	0	476	
11	0	0	0	0	624	
12	0	0	0	0	393	
13	0	0	0	0	538	
14	0	0	0	0	525	
15	0	0	0	0	486	
0	0	0	0	0	551	
1	0	0	0	0	483	
2	0	0	0	0	333	
3	0	0	0	0	474	
4	0	0	0	0	520	
5	0	0	0	0	531	
6	0	0	0	0	439	
7	0	0	0	0	377	
8	0	0	0	0	489	
9	0	0	0	0	559	
10	0	0	0	0	558	
11	0	0	0	0	521	
12	0	0	0	0	457	
13	0	0	0	0	568	
14	0	0	0	0	566	
15	0	0	0	0	448	
0	0	0	0	0	390	
1	0	0	0	0	495	
2	0	0	0	0	559	
3	0	0	0	0	547	
4	0	0	0	0	524	
5	0	0	0	0	437	
6	0	0	0	0	428	
7	0	0	0	0	490	
8	0	0	0	0	668	
9	0	0	0	0	504	
10	0	0	0	0	498	
11	0	0	0	0	483	
12	0	0	0	0	472	
13	0	0	0	0	492	
14	0	0	0	0	579	
15	0	0	0	0	604	
0	0	0	0	0	455	
1	0	0	0	0	327	
2	0	0	0	0	548	
3	0	0	0	0	462	
4	0	0	0	0	475	
5	0	0	0	0	442	
6	0	0	0	0	443	
7	0	0	0	0	536	
8	0	0	0	0	524	
9	0	0	0	0	403	
10	0	0	0	0	513	
11	0	0	0	0	607	
12	0	0	0	0	427	
13	0	0	0	0	576	
14	0	0	0	0	579	
15	0	0	0	0	524	
0	0	0	0	0	411	
1	0	0	0	0	505	
2	0	0	0	0	445	
3	0	0	0	0	526	
4	0	0	0	0	584	
5	0	0	0	0	483	
6	0	0	0	0	444	
7	0	0	0	0	511	
8	0	0	0	0	587	
9	0	0	0	0	516	
10	0	0	0	0	477	
11	0	0	0	0	610	
12	0	0	0	0	516	
13	0	0	0	0	518	
14	0	0	0	0	456	
15	0	0	0	0	430	
0	0	0	0	0	337	
1	0	0	0	0	506	
2	0	0	0	0	549	
3	0	0	0	0	511	
4	0	0	0	0	541	
5	0	0	0	0	450	
6	0	0	0	0	518	
7	0	0	0	0	392	
8	0	0	0	0	485	
9	0	0	0	0	625	
10	0	0	0	0	416	
11	0	0	0	0	215	
12	0	0	0	0	134	
13	0	0	0	0	0	
14	0	0	0	0	0	
15	0	0	0	0	0	
0	0	0	0	0	0	
1	0	0	0	0	0	
2	0	0	0	0	0	
3	0	0	0	0	0	
4	0	0	0	0	0	
5	0	0	0	0	0	
6	0	0	0	0	0	
7	0	0	0	0	0	
8	0	0	0	0	55	
9	0	0	0	0	28	
10	0	0	0	0	331	
11	0	0	0	0	447	
12	0	0	0	0	593	
13	0	0	0	0	588	
14	0	0	0	0	779	
15	0	0	0	0	680	
0	0	0	0	0	821	
1	0	0	0	0	833	
2	0	0	0	0	910	
3	0	0	0	0	745	
4	0	0	0	0	844	
5	0	0	0	0	986	
6	0	0	0	0	944	
7	0	0	0	0	1018	
8	0	0	0	0	829	
9	0	0	0	0	806	
10	0	0	0	0	841	
11	0	0	0	0	874	
12	0	0	0	0	962	
13	0	0	0	0	865	
14	0	0	0	0	978	
15	0	0	0	0	811	
0	0	0	0	0	884	
1	0	0	0	0	765	
2	0	0	0	0	792	
3	0	0	0	0	799	
4	0	0	0	0	793	
5	0	0	0	0	672	
6	0	0	0	0	639	
7	0	0	0	0	750	
8	0	0	0	0	744	
9	0	0	0	0	517	
10	0	0	0	0	619	
11	0	0	0	0	679	
12	0	0	0	0	714	
13	0	0	0	0	672	
14	0	0	0	0	643	
15	0	0	0	0	643	
0	0	0	0	0	789	
1	0	0	0	0	761	
2	0	0	0	0	711	
3	0	0	0	0	687	
4	0	0	0	0	649	
5	0	0	0	0	593	
6	0	0	0	0	704	
7	0	0	0	0	717	
8	0	0	0	0	677	
9	0	0	0	0	660	
10	0	0	0	0	526	
11	0	0	0	0	540	
12	0	0	0	0	520	
13	0	0	0	0	516	
14	0	0	0	0	542	
15	0	0	0	0	584	
0	0	0	0	0	581	
1	0	0	0	0	551	
2	0	0	0	0	535	
3	0	0	0	0	416	
4	0	0	0	0	516	
5	0	0	0	0	495	
6	0	0	0	0	543	
7	0	0	0	0	496	
8	0	0	0	0	452	
9	0	0	0	0	519	
10	0	0	0	0	565	
11	0	0	0	0	522	
12	0	0	0	0	476	
13	0	0	0	0	499	
14	0	0	0	0	511	
15	0	0	0	0	545	
0	0	0	0	0	478	
1	0	0	0	0	564	
2	0	0	0	0	555	
3	0	0	0	0	610	
4	0	0	0	0	584	
5	0	0	0	0	505	
6	0	0	0	0	599	
7	0	0	0	0	556	
8	0	0	0	0	504	
9	0	0	0	0	460	
10	0	0	0	0	529	
11	0	0	0	0	448	
12	0	0	0	0	527	
13	0	0	0	0	447	
14	0	0	0	0	464	
15	0	0	0	0	437	
0	0	0	0	0	443	
1	0	0	0	0	408	
2	0	0	0	0	522	
3	0	0	0	0	371	
4	0	0	0	0	507	
5	0	0	0	0	481	
6	0	0	0	0	484	
7	0	0	0	0	511	
8	0	0	0	0	467	
9	0	0	0	0	442	
10	0	0	0	0	478	
11	0	0	0	0	571	
12	0	0	0	0	634	
13	0	0	0	0	592	
14	0	0	0	0	528	
15	0	0	0	0	478	
0	0	0	0	0	420	
1	0	0	0	0	464	
2	0	0	0	0	488	
3	0	0	0	0	513	
4	0	0	0	0	442	
5	0	0	0	0	427	
6	0	0	0	0	491	
7	0	0	0	0	484	
8	0	0	0	0	623	
9	0	0	0	0	527	
10	0	0	0	0	552	
11	0	0	0	0	496	
12	0	0	0	0	566	
13	0	0	0	0	424	
14	0	0	0	0	529	
15	0	0	0	0	568	
0	0	0	0	0	617	
1	0	0	0	0	477	
2	0	0	0	0	447	
3	0	0	0	0	487	
4	0	0	0	0	555	
5	0	0	0	0	548	
6	0	0	0	0	675	
7	0	0	0	0	464	
8	0	0	0	0	534	
9	0	0	0	0	445	
10	0	0	0	0	521	
11	0	0	0	0	568	
12	0	0	0	0	600	
13	0	0	0	0	455	
14	0	0	0	0	422	
15	0	0	0	0	512	
0	0	0	0	0	441	
1	0	0	0	0	359	
2	0	0	0	0	539	
3	0	0	0	0	472	
4	0	0	0	0	584	
5	0	0	0	0	421	
6	0	0	0	0	461	
7	0	0	0	0	568	
8	0	0	0	0	564	
9	0	0	0	0	474	
10	0	0	0	0	501	
11	0	0	0	0	606	
12	0	0	0	0	611	
13	0	0	0	0	571	
14	0	0	0	0	564	
15	0	0	0	0	481	
0	0	0	0	0	542	
1	0	0	0	0	520	
2	0	0	0	0	622	
3	0	0	0	0	566	
4	0	0	0	0	452	
5	0	0	0	0	452	
6	0	0	0	0	631	
7	0	0	0	0	577	
8	0	0	0	0	568	
9	0	0	0	0	416	
10	0	0	0	0	560	
11	0	0	0	0	574	
12	0	0	0	0	403	
13	0	0	0	0	452	
14	0	0	0	0	559	
15	0	0	0	0	621	
0	0	0	0	0	503	
1	0	0	0	0	459	
2	0	0	0	0	553	
3	0	0	0	0	541	
4	0	0	0	0	622	
5	0	0	0	0	432	
6	0	0	0	0	465	
7	0	0	0	0	548	
8	0	0	0	0	496	
9	0	0	0	0	438	
10	0	0	0	0	402	
11	0	0	0	0	412	
12	0	0	0	0	467	
13	0	0	0	0	461	
14	0	0	0	0	476	
15	0	0	0	0	431	
0	0	0	0	0	524	
1	0	0	0	0	513	
2	0	0	0	0	570	
3	0	0	0	0	526	
4	0	0	0	0	531	
5	0	0	0	0	584	
6	0	0	0	0	579	
7	0	0	0	0	525	
8	0	0	0	0	632	
9	0	0	0	0	554	
10	0	0	0	0	537	
11	0	0	0	0	439	
12	0	0	0	0	452	
13	0	0	0	0	561	
14	0	0	0	0	532	
15	0	0	0	0	480	
0	0	0	0	0	613	
1	0	0	0	0	305	
2	0	0	0	0	468	
3	0	0	0	0	556	
4	0	0	0	0	672	
5	0	0	0	0	327	
6	0	0	0	0	481	
7	0	0	0	0	491	
8	0	0	0	0	577	
9	0	0	0	0	403	
10	0	0	0	0	396	
11	0	0	0	0	425	
12	0	0	0	0	566	
13	0	0	0	0	626	
14	0	0	0	0	448	
15	0	0	0	0	448	
0	0	0	0	0	577	
1	0	0	0	0	589	
2	0	0	0	0	565	
3	0	0	0	0	481	
4	0	0	0	0	455	
5	0	0	0	0	565	
6	0	0	0	0	560	
7	0	0	0	0	536	
8	0	0	0	0	498	
9	0	0	0	0	499	
10	0	0	0	0	564	
11	0	0	0	0	558	
12	0	0	0	0	505	
13	0	0	0	0	643	
14	0	0	0	0	718	
15	0	0	0	0	479	
0	0	0	0	0	412	
1	0	0	0	0	400	
2	0	0	0	0	497	
3	0	0	0	0	566	
4	0	0	0	0	599	
5	0	0	0	0	483	
6	0	0	0	0	363	
7	0	0	0	0	492	
8	0	0	0	0	434	
9	0	0	0	0	575	
10	0	0	0	0	617	
11	0	0	0	0	501	
12	0	0	0	0	467	
13	0	0	0	0	327	
14	0	0	0	0	608	
15	0	0	0	0	652	
0	0	0	0	0	611	
1	0	0	0	0	591	
2	0	0	0	0	497	
3	0	0	0	0	496	
4	0	0	0	0	470	
5	0	0	0	0	599	
6	0	0	0	0	531	
7	0	0	0	0	523	
8	0	0	0	0	646	
9	0	0	0	0	579	
10	0	0	0	0	518	
11	0	0	0	0	466	
12	0	0	0	0	316	
13	0	0	0	0	522	
14	0	0	0	0	526	
15	0	0	0	0	526	
0	0	0	0	0	527	
1	0	0	0	0	534	
2	0	0	0	0	465	
3	0	0	0	0	487	
4	0	0	0	0	364	
5	0	0	0	0	448	
6	0	0	0	0	503	
7	0	0	0	0	460	
8	0	0	0	0	548	
9	0	0	0	0	480	
10	0	0	0	0	546	
11	0	0	0	0	559	
12	0	0	0	0	476	
13	0	0	0	0	487	
14	0	0	0	0	522	
15	0	0	0	0	489	
0	0	0	0	0	584	
1	0	0	0	0	600	
2	0	0	0	0	793	
3	0	0	0	0	878	
4	0	0	0	0	893	
5	0	0	0	0	1018	
6	0	0	0	0	1018	
7	0	0	0	0	859	
8	0	0	0	0	1010	
9	0	0	0	0	1018	
10	0	0	0	0	1018	
11	0	0	0	0	937	
12	0	0	0	0	930	
13	0	0	0	0	1018	
14	0	0	0	0	839	
15	0	0	0	0	711	
0	0	0	0	0	703	
1	0	0	0	0	713	
2	0	0	0	0	684	
3	0	0	0	0	611	
4	0	0	0	0	601	
5	0	0	0	0	509	
6	0	0	0	0	446	
7	0	0	0	0	579	
8	0	0	0	0	389	
9	0	0	0	0	516	
10	0	0	0	0	441	
11	0	0	0	0	481	
12	0	0	0	0	296	
13	0	0	0	0	404	
14	0	0	0	0	515	
15	0	0	0	0	451	
0	0	0	0	0	343	
1	0	0	0	0	417	
2	0	0	0	0	479	
3	0	0	0	0	384	
4	0	0	0	0	300	
5	0	0	0	0	162	
6	0	0	0	0	319	
7	0	0	0	0	392	
8	0	0	0	0	388	
9	0	0	0	0	316	
10	0	0	0	0	524	
11	0	0	0	0	460	
12	0	0	0	0	385	
13	0	0	0	0	431	
14	0	0	0	0	401	
15	0	0	0	0	465	
0	0	0	0	0	393	
1	0	0	0	0	358	
2	0	0	0	0	607	
3	0	0	0	0	532	
4	0	0	0	0	352	
5	0	0	0	0	417	
6	0	0	0	0	451	
7	0	0	0	0	289	
8	0	0	0	0	578	
9	0	0	0	0	190	
10	0	0	0	0	452	
11	0	0	0	0	506	
12	0	0	0	0	517	
13	0	0	0	0	349	
14	0	0	0	0	374	
15	0	0	0	0	367	
0	0	0	0	0	280	
1	0	0	0	0	411	
2	0	0	0	0	546	
3	0	0	0	0	408	
4	0	0	0	0	320	
5	0	0	0	0	300	
6	0	0	0	0	601	
7	0	0	0	0	377	
8	0	0	0	0	333	
9	0	0	0	0	486	
10	0	0	0	0	461	
11	0	0	0	0	545	
12	0	0	0	0	421	
13	0	0	0	0	385	
14	0	0	0	0	536	
15	0	0	0	0	491	
0	0	0	0	0	448	
1	0	0	0	0	432	
2	0	0	0	0	403	
3	0	0	0	0	575	
4	0	0	0	0	463	
5	0	0	0	0	416	
6	0	0	0	0	451	
7	0	0	0	0	434	
8	0	0	0	0	485	
9	0	0	0	0	483	
10	0	0	0	0	344	
11	0	0	0	0	417	
12	0	0	0	0	412	
13	0	0	0	0	376	
14	0	0	0	0	449	
15	0	0	0	0	498	
0	0	0	0	0	395	
1	0	0	0	0	271	
2	0	0	0	0	474	
3	0	0	0	0	545	
4	0	0	0	0	628	
5	0	0	0	0	424	
6	0	0	0	0	435	
7	0	0	0	0	385	
8	0	0	0	0	536	
9	0	0	0	0	583	
10	0	0	0	0	492	
11	0	0	0	0	480	
12	0	0	0	0	529	
13	0	0	0	0	523	
14	0	0	0	0	356	
15	0	0	0	0	466	
0	0	0	0	0	449	
1	0	0	0	0	686	
2	0	0	0	0	457	
3	0	0	0	0	516	
4	0	0	0	0	541	
5	0	0	0	0	400	
6	0	0	0	0	484	
7	0	0	0	0	517	
8	0	0	0	0	523	
9	0	0	0	0	388	
10	0	0	0	0	492	
11	0	0	0	0	512	
12	0	0	0	0	505	
13	0	0	0	0	523	
14	0	0	0	0	611	
15	0	0	0	0	470	
0	0	0	0	0	434	
1	0	0	0	0	444	
2	0	0	0	0	438	
3	0	0	0	0	450	
4	0	0	0	0	552	
5	0	0	0	0	545	
6	0	0	0	0	590	
7	0	0	0	0	532	
8	0	0	0	0	497	
9	0	0	0	0	483	
10	0	0	0	0	637	
11	0	0	0	0	657	
12	0	0	0	0	537	
13	0	0	0	0	533	
14	0	0	0	0	466	
15	0	0	0	0	610	
0	0	0	0	0	642	
1	0	0	0	0	620	
2	0	0	0	0	482	
3	0	0	0	0	377	
4	0	0	0	0	614	
5	0	0	0	0	675	
6	0	0	0	0	414	
7	0	0	0	0	646	
8	0	0	0	0	601	
9	0	0	0	0	436	
10	0	0	0	0	527	
11	0	0	0	0	630	
12	0	0	0	0	620	
13	0	0	0	0	492	
14	0	0	0	0	607	
15	0	0	0	0	679	
0	0	0	0	0	380	
1	0	0	0	0	452	
2	0	0	0	0	507	
3	0	0	0	0	505	
4	0	0	0	0	598	
5	0	0	0	0	564	
6	0	0	0	0	579	
7	0	0	0	0	402	
8	0	0	0	0	669	
9	0	0	0	0	467	
10	0	0	0	0	511	
11	0	0	0	0	362	
12	0	0	0	0	750	
13	0	0	0	0	518	
14	0	0	0	0	407	
15	0	0	0	0	475	
0	0	0	0	0	686	
1	0	0	0	0	519	
2	0	0	0	0	401	
3	0	0	0	0	487	
4	0	0	0	0	629	
5	0	0	0	0	602	
6	0	0	0	0	256	
7	0	0	0	0	486	
8	0	0	0	0	757	
9	0	0	0	0	364	
10	0	0	0	0	480	
11	0	0	0	0	527	
12	0	0	0	0	392	
13	0	0	0	0	451	
14	0	0	0	0	518	
15	0	0	0	0	530	
0	0	0	0	0	422	
1	0	0	0	0	654	
2	0	0	0	0	529	
3	0	0	0	0	373	
4	0	0	0	0	504	
5	0	0	0	0	460	
6	0	0	0	0	598	
7	0	0	0	0	544	
8	0	0	0	0	405	
9	0	0	0	0	362	
10	0	0	0	0	699	
11	0	0	0	0	377	
12	0	0	0	0	338	
13	0	0	0	0	288	
14	0	0	0	0	603	
15	0	0	0	0	463	
0	0	0	0	0	543	
1	0	0	0	0	495	
2	0	0	0	0	437	
3	0	0	0	0	399	
4	0	0	0	0	583	
5	0	0	0	0	514	
6	0	0	0	0	567	
7	0	0	0	0	513	
8	0	0	0	0	685	
9	0	0	0	0	492	
10	0	0	0	0	532	
11	0	0	0	0	469	
12	0	0	0	0	635	
13	0	0	0	0	574	
14	0	0	0	0	641	
15	0	0	0	0	536	
0	0	0	0	0	666	
1	0	0	0	0	685	
2	0	0	0	0	563	
3	0	0	0	0	493	
4	0	0	0	0	670	
5	0	0	0	0	611	
6	0	0	0	0	393	
7	0	0	0	0	512	
8	0	0	0	0	578	
9	0	0	0	0	490	
10	0	0	0	0	671	
11	0	0	0	0	547	
12	0	0	0	0	487	
13	0	0	0	0	439	
14	0	0	0	0	565	
15	0	0	0	0	717	
0	0	0	0	0	550	
1	0	0	0	0	387	
2	0	0	0	0	603	
3	0	0	0	0	661	
4	0	0	0	0	468	
5	0	0	0	0	352	
6	0	0	0	0	516	
7	0	0	0	0	567	
8	0	0	0	0	394	
9	0	0	0	0	608	
10	0	0	0	0	605	
11	0	0	0	0	527	
12	0	0	0	0	367	
13	0	0	0	0	419	
14	0	0	0	0	591	
15	0	0	0	0	502	
0	0	0	0	0	441	
1	0	0	0	0	499	
2	0	0	0	0	461	
3	0	0	0	0	588	
4	0	0	0	0	387	
5	0	0	0	0	608	
6	0	0	0	0	543	
7	0	0	0	0	615	
8	0	0	0	0	403	
9	0	0	0	0	440	
10	0	0	0	0	509	
11	0	0	0	0	560	
12	0	0	0	0	473	
13	0	0	0	0	497	
14	0	0	0	0	483	
15	0	0	0	0	364	
0	0	0	0	0	566	
1	0	0	0	0	540	
2	0	0	0	0	672	
3	0	0	0	0	499	
4	0	0	0	0	304	
5	0	0	0	0	488	
6	0	0	0	0	647	
7	0	0	0	0	497	
8	0	0	0	0	522	
9	0	0	0	0	397	
10	0	0	0	0	389	
11	0	0	0	0	484	
12	0	0	0	0	648	
13	0	0	0	0	361	
14	0	0	0	0	484	
15	0	0	0	0	279	
0	0	0	0	0	443	
1	0	0	0	0	615	
2	0	0	0	0	454	
3	0	0	0	0	574	
4	0	0	0	0	336	
5	0	0	0	0	415	
6	0	0	0	0	262	
7	0	0	0	0	514	
8	0	0	0	0	499	
9	0	0	0	0	398	
10	0	0	0	0	301	
11	0	0	0	0	287	
12	0	0	0	0	406	
13	0	0	0	0	730	
14	0	0	0	0	295	
15	0	0	0	0	359	
0	0	0	0	0	299	
1	0	0	0	0	412	
2	0	0	0	0	481	
3	0	0	0	0	599	
4	0	0	0	0	353	
5	0	0	0	0	382	
6	0	0	0	0	521	
7	0	0	0	0	671	
8	0	0	0	0	857	
9	0	0	0	0	587	
10	0	0	0	0	562	
11	0	0	0	0	489	
12	0	0	0	0	1018	
13	0	0	0	0	567	
14	0	0	0	0	385	
15	0	0	0	0	587	
0	0	0	0	0	850	
1	0	0	0	0	549	
2	0	0	0	0	492	
3	0	0	0	0	495	
4	0	0	0	0	568	
5	0	0	0	0	469	
6	0	0	0	0	376	
7	0	0	0	0	488	
8	0	0	0	0	593	
9	0	0	0	0	385	
10	0	0	0	0	611	
11	0	0	0	0	410	
12	0	0	0	0	415	
13	0	0	0	0	618	
14	0	0	0	0	587	
15	0	0	0	0	600	
0	0	0	0	0	592	
1	0	0	0	0	571	
2	0	0	0	0	495	
3	0	0	0	0	394	
4	0	0	0	0	528	
5	0	0	0	0	701	
6	0	0	0	0	545	
7	0	0	0	0	413	
8	0	0	0	0	488	
9	0	0	0	0	451	
10	0	0	0	0	629	
11	0	0	0	0	437	
12	0	0	0	0	364	
13	0	0	0	0	556	
14	0	0	0	0	627	
15	0	0	0	0	430	
0	0	0	0	0	328	
1	0	0	0	0	558	
2	0	0	0	0	459	
3	0	0	0	0	459	
4	0	0	0	0	579	
5	0	0	0	0	419	
6	0	0	0	0	513	
7	0	0	0	0	658	
8	0	0	0	0	532	
9	0	0	0	0	403	
10	0	0	0	0	657	
11	0	0	0	0	543	
12	0	0	0	0	467	
13	0	0	0	0	403	
14	0	0	0	0	687	
15	0	0	0	0	398	
0	0	0	0	0	565	
1	0	0	0	0	555	
2	0	0	0	0	535	
3	0	0	0	0	520	
4	0	0	0	0	512	
5	0	0	0	0	339	
6	0	0	0	0	635	
7	0	0	0	0	409	
8	0	0	0	0	520	
9	0	0	0	0	508	
10	0	0	0	0	397	
11	0	0	0	0	549	
12	0	0	0	0	441	
13	0	0	0	0	572	
14	0	0	0	0	330	
15	0	0	0	0	375	
0	0	0	0	0	716	
1	0	0	0	0	592	
2	0	0	0	0	399	
3	0	0	0	0	372	
4	0	0	0	0	703	
5	0	0	0	0	572	
6	0	0	0	0	398	
7	0	0	0	0	615	
8	0	0	0	0	606	
9	0	0	0	0	430	
10	0	0	0	0	635	
11	0	0	0	0	370	
12	0	0	0	0	616	
13	0	0	0	0	355	
14	0	0	0	0	502	
15	0	0	0	0	635	
0	0	0	0	0	588	
1	0	0	0	0	355	
2	0	0	0	0	362	
3	0	0	0	0	528	
4	0	0	0	0	619	
5	0	0	0	0	490	
6	0	0	0	0	601	
7	0	0	0	0	539	
8	0	0	0	0	626	
9	0	0	0	0	519	
10	0	0	0	0	611	
11	0	0	0	0	442	
12	0	0	0	0	603	
13	0	0	0	0	607	
14	0	0	0	0	546	
15	0	0	0	0	484	
0	0	0	0	0	663	
1	0	0	0	0	486	
2	0	0	0	0	615	
3	0	0	0	0	535	
4	0	0	0	0	714	
5	0	0	0	0	561	
6	0	0	0	0	483	
7	0	0	0	0	564	
8	0	0	0	0	512	
9	0	0	0	0	567	
10	0	0	0	0	584	
11	0	0	0	0	319	
12	0	0	0	0	536	
13	0	0	0	0	563	
14	0	0	0	0	433	
15	0	0	0	0	569	
0	0	0	0	0	384	
1	0	0	0	0	378	
2	0	0	0	0	559	
3	0	0	0	0	358	
4	0	0	0	0	433	
5	0	0	0	0	589	
6	0	0	0	0	549	
7	0	0	0	0	438	
8	0	0	0	0	393	
9	0	0	0	0	439	
10	0	0	0	0	558	
11	0	0	0	0	554	
12	0	0	0	0	365	
13	0	0	0	0	389	
14	0	0	0	0	580	
15	0	0	0	0	564	
0	0	0	0	0	460	
1	0	0	0	0	475	
2	0	0	0	0	539	
3	0	0	0	0	554	
4	0	0	0	0	676	
5	0	0	0	0	620	
6	0	0	0	0	377	
7	0	0	0	0	514	
8	0	0	0	0	550	
9	0	0	0	0	531	
10	0	0	0	0	560	
11	0	0	0	0	560	
12	0	0	0	0	569	
13	0	0	0	0	540	
14	0	0	0	0	552	
15	0	0	0	0	558	
0	0	0	0	0	385	
1	0	0	0	0	606	
2	0	0	0	0	448	
3	0	0	0	0	495	
4	0	0	0	0	589	
5	0	0	0	0	380	
6	0	0	0	0	542	
7	0	0	0	0	473	
8	0	0	0	0	622	
9	0	0	0	0	476	
10	0	0	0	0	498	
11	0	0	0	0	593	
12	0	0	0	0	602	
13	0	0	0	0	460	
14	0	0	0	0	543	
15	0	0	0	0	495	
0	0	0	0	0	467	
1	0	0	0	0	540	
2	0	0	0	0	467	
3	0	0	0	0	514	
4	0	0	0	0	603	
5	0	0	0	0	589	
6	0	0	0	0	396	
7	0	0	0	0	533	
8	0	0	0	0	774	
9	0	0	0	0	499	
10	0	0	0	0	368	
11	0	0	0	0	607	
12	0	0	0	0	378	
13	0	0	0	0	468	
14	0	0	0	0	707	
15	0	0	0	0	467	
0	0	0	0	0	499	
1	0	0	0	0	633	
2	0	0	0	0	489	
3	0	0	0	0	482	
4	0	0	0	0	616	
5	0	0	0	0	583	
6	0	0	0	0	497	
7	0	0	0	0	300	
8	0	0	0	0	575	
9	0	0	0	0	430	
10	0	0	0	0	464	
11	0	0	0	0	523	
12	0	0	0	0	604	
13	0	0	0	0	369	
14	0	0	0	0	431	
15	0	0	0	0	639	
0	0	0	0	0	487	
1	0	0	0	0	536	
2	0	0	0	0	476	
3	0	0	0	0	477	
4	0	0	0	0	480	
5	0	0	0	0	365	
6	0	0	0	0	629	
7	0	0	0	0	471	
8	0	0	0	0	583	
9	0	0	0	0	382	
10	0	0	0	0	694	
11	0	0	0	0	575	
12	0	0	0	0	505	
13	0	0	0	0	521	
14	0	0	0	0	483	
15	0	0	0	0	551	
0	0	0	0	0	527	
1	0	0	0	0	392	
2	0	0	0	0	459	
3	0	0	0	0	473	
4	0	0	0	0	555	
5	0	0	0	0	481	
6	0	0	0	0	540	
7	0	0	0	0	488	
8	0	0	0	0	591	
9	0	0	0	0	522	
10	0	0	0	0	559	
11	0	0	0	0	423	
12	0	0	0	0	471	
13	0	0	0	0	626	
14	0	0	0	0	439	
15	0	0	0	0	404	
0	0	0	0	0	547	
1	0	0	0	0	472	
2	0	0	0	0	622	
3	0	0	0	0	449	
4	0	0	0	0	542	
5	0	0	0	0	641	
6	0	0	0	0	410	
7	0	0	0	0	375	
8	0	0	0	0	583	
9	0	0	0	0	583	
10	0	0	0	0	500	
11	0	0	0	0	307	
12	0	0	0	0	573	
13	0	0	0	0	440	
14	0	0	0	0	626	
15	0	0	0	0	535	
0	0	0	0	0	557	
1	0	0	0	0	497	
2	0	0	0	0	692	
3	0	0	0	0	404	
4	0	0	0	0	429	
5	0	0	0	0	711	
6	0	0	0	0	487	
7	0	0	0	0	365	
8	0	0	0	0	531	
9	0	0	0	0	527	
10	0	0	0	0	436	
11	0	0	0	0	474	
12	0	0	0	0	539	
13	0	0	0	0	501	
14	0	0	0	0	463	
15	0	0	0	0	477	
0	0	0	0	0	544	
1	0	0	0	0	347	
2	0	0	0	0	574	
3	0	0	0	0	476	
4	0	0	0	0	631	
5	0	0	0	0	575	
6	0	0	0	0	407	
7	0	0	0	0	442	
8	0	0	0	0	537	
9	0	0	0	0	571	
10	0	0	0	0	518	
11	0	0	0	0	507	
12	0	0	0	0	524	
13	0	0	0	0	501	
14	0	0	0	0	452	
15	0	0	0	0	572	
0	0	0	0	0	604	
1	0	0	0	0	647	
2	0	0	0	0	615	
3	0	0	0	0	446	
4	0	0	0	0	659	
5	0	0	0	0	556	
6	0	0	0	0	597	
7	0	0	0	0	631	
8	0	0	0	0	499	
9	0	0	0	0	586	
10	0	0	0	0	472	
11	0	0	0	0	462	
12	0	0	0	0	712	
13	0	0	0	0	567	
14	0	0	0	0	557	
15	0	0	0	0	533	
0	0	0	0	0	396	
1	0	0	0	0	634	
2	0	0	0	0	559	
3	0	0	0	0	534	
4	0	0	0	0	349	
5	0	0	0	0	579	
6	0	0	0	0	664	
7	0	0	0	0	636	
8	0	0	0	0	537	
9	0	0	0	0	365	
10	0	0	0	0	374	
11	0	0	0	0	611	
12	0	0	0	0	666	
13	0	0	0	0	480	
14	0	0	0	0	448	
15	0	0	0	0	528	
0	0	0	0	0	544	
1	0	0	0	0	363	
2	0	0	0	0	240	
3	0	0	0	0	239	
4	0	0	0	0	269	
5	0	0	0	0	335	
6	0	0	0	0	76	
7	0	0	0	0	120	
8	0	0	0	0	263	
9	0	0	0	0	0	
10	0	0	0	0	0	
11	0	0	0	0	168	
12	0	0	0	0	21	
13	0	0	0	0	52	
14	0	0	0	0	0	
15	0	0	0	0	116	
0	0	0	0	0	105	
1	0	0	0	0	251	
2	0	0	0	0	732	
3	0	0	0	0	612	
4	0	0	0	0	525	
5	0	0	0	0	803	
6	0	0	0	0	356	
7	0	0	0	0	509	
8	0	0	0	0	552	
9	0	0	0	0	642	
10	0	0	0	0	640	
11	0	0	0	0	639	
12	0	0	0	0	506	
13	0	0	0	0	606	
14	0	0	0	0	882	
15	0	0	0	0	742	
0	0	0	0	0	661	
1	0	0	0	0	657	
2	0	0	0	0	491	
3	0	0	0	0	916	
4	0	0	0	0	628	
5	0	0	0	0	739	
6	0	0	0	0	678	
7	0	0	0	0	737	
8	0	0	0	0	683	
9	0	0	0	0	637	
10	0	0	0	0	673	
11	0	0	0	0	721	
12	0	0	0	0	696	
13	0	0	0	0	719	
14	0	0	0	0	836	
15	0	0	0	0	601	
0	0	0	0	0	734	
1	0	0	0	0	711	
2	0	0	0	0	595	
3	0	0	0	0	616	
4	0	0	0	0	531	
5	0	0	0	0	564	
6	0	0	0	0	686	
7	0	0	0	0	597	
8	0	0	0	0	537	
9	0	0	0	0	504	
10	0	0	0	0	671	
11	0	0	0	0	590	
12	0	0	0	0	137	
13	0	0	0	0	616	
14	0	0	0	0	810	
15	0	0	0	0	432	
0	0	0	0	0	473	
1	0	0	0	0	346	
2	0	0	0	0	541	
3	0	0	0	0	626	
4	0	0	0	0	529	
5	0	0	0	0	492	
6	0	0	0	0	263	
7	0	0	0	0	506	
8	0	0	0	0	683	
9	0	0	0	0	584	
10	0	0	0	0	344	
11	0	0	0	0	782	
12	0	0	0	0	508	
13	0	0	0	0	497	
14	0	0	0	0	344	
15	0	0	0	0	577	
0	0	0	0	0	498	
1	0	0	0	0	383	
2	0	0	0	0	627	
3	0	0	0	0	570	
4	0	0	0	0	574	
5	0	0	0	0	396	
6	0	0	0	0	400	
7	0	0	0	0	579	
8	0	0	0	0	542	
9	0	0	0	0	232	
10	0	0	0	0	722	
11	0	0	0	0	570	
12	0	0	0	0	465	
13	0	0	0	0	495	
14	0	0	0	0	512	
15	0	0	0	0	340	
0	0	0	0	0	504	
1	0	0	0	0	477	
2	0	0	0	0	639	
3	0	0	0	0	409	
4	0	0	0	0	455	
5	0	0	0	0	561	
6	0	0	0	0	621	
7	0	0	0	0	280	
8	0	0	0	0	503	
9	0	0	0	0	440	
10	0	0	0	0	598	
11	0	0	0	0	562	
12	0	0	0	0	390	
13	0	0	0	0	551	
14	0	0	0	0	562	
15	0	0	0	0	443	
0	0	0	0	0	560	
1	0	0	0	0	435	
2	0	0	0	0	277	
3	0	0	0	0	533	
4	0	0	0	0	664	
5	0	0	0	0	436	
6	0	0	0	0	429	
7	0	0	0	0	531	
8	0	0	0	0	742	
9	0	0	0	0	426	
10	0	0	0	0	495	
11	0	0	0	0	411	
12	0	0	0	0	589	
13	0	0	0	0	481	
14	0	0	0	0	517	
15	0	0	0	0	502	
0	0	0	0	0	483	
1	0	0	0	0	509	
2	0	0	0	0	573	
3	0	0	0	0	563	
4	0	0	0	0	557	
5	0	0	0	0	207	
6	0	0	0	0	589	
7	0	0	0	0	591	
8	0	0	0	0	609	
9	0	0	0	0	569	
10	0	0	0	0	273	
11	0	0	0	0	504	
12	0	0	0	0	488	
13	0	0	0	0	643	
14	0	0	0	0	366	
15	0	0	0	0	340	
0	0	0	0	0	605	
1	0	0	0	0	677	
2	0	0	0	0	499	
3	0	0	0	0	457	
4	0	0	0	0	711	
5	0	0	0	0	579	
6	0	0	0	0	395	
7	0	0	0	0	530	
8	0	0	0	0	678	
9	0	0	0	0	346	
10	0	0	0	0	592	
11	0	0	0	0	522	
12	0	0	0	0	584	
13	0	0	0	0	420	
14	0	0	0	0	558	
15	0	0	0	0	423	
0	0	0	0	0	602	
1	0	0	0	0	512	
2	0	0	0	0	668	
3	0	0	0	0	645	
4	0	0	0	0	472	
5	0	0	0	0	560	
6	0	0	0	0	438	
7	0	0	0	0	496	
8	0	0	0	0	403	
9	0	0	0	0	696	
10	0	0	0	0	539	
11	0	0	0	0	518	
12	0	0	0	0	505	
13	0	0	0	0	347	
14	0	0	0	0	604	
15	0	0	0	0	443	
0	0	0	0	0	439	
1	0	0	0	0	607	
2	0	0	0	0	595	
3	0	0	0	0	351	
4	0	0	0	0	363	
5	0	0	0	0	604	
6	0	0	0	0	474	
7	0	0	0	0	708	
8	0	0	0	0	257	
9	0	0	0	0	424	
10	0	0	0	0	401	
11	0	0	0	0	515	
12	0	0	0	0	663	
13	0	0	0	0	542	
14	0	0	0	0	435	
15	0	0	0	0	545	
0	0	0	0	0	557	
1	0	0	0	0	424	
2	0	0	0	0	515	
3	0	0	0	0	505	
4	0	0	0	0	474	
5	0	0	0	0	536	
6	0	0	0	0	603	
7	0	0	0	0	513	
8	0	0	0	0	383	
9	0	0	0	0	558	
10	0	0	0	0	480	
11	0	0	0	0	333	
12	0	0	0	0	237	
13	0	0	0	0	480	
14	0	0	0	0	327	
15	0	0	0	0	212	
0	0	0	0	0	295	
1	0	0	0	0	0	
2	0	0	0	0	0	
3	0	0	0	0	288	
4	0	0	0	0	0	
5	0	0	0	0	0	
6	0	0	0	0	210	
7	0	0	0	0	344	
8	0	0	0	0	504	
9	0	0	0	0	434	
10	0	0	0	0	714	
11	0	0	0	0	621	
12	0	0	0	0	749	
13	0	0	0	0	761	
14	0	0	0	0	684	
15	0	0	0	0	899	
0	0	0	0	0	859	
1	0	0	0	0	728	
2	0	0	0	0	661	
3	0	0	0	0	918	
4	0	0	0	0	776	
5	0	0	0	0	798	
6	0	0	0	0	602	
7	0	0	0	0	835	
8	0	0	0	0	712	
9	0	0	0	0	1018	
10	0	0	0	0	736	
11	0	0	0	0	621	
12	0	0	0	0	653	
13	0	0	0	0	668	
14	0	0	0	0	755	
15	0	0	0	0	634	
0	0	0	0	0	591	
1	0	0	0	0	735	
2	0	0	0	0	455	
3	0	0	0	0	635	
4	0	0	0	0	451	
5	0	0	0	0	743	
6	0	0	0	0	621	
7	0	0	0	0	581	
8	0	0	0	0	598	
9	0	0	0	0	448	
10	0	0	0	0	573	
11	0	0	0	0	515	
12	0	0	0	0	552	
13	0	0	0	0	487	
14	0	0	0	0	293	
15	0	0	0	0	754	
0	0	0	0	0	675	
1	0	0	0	0	474	
2	0	0	0	0	555	
3	0	0	0	0	547	
4	0	0	0	0	736	
5	0	0	0	0	435	
6	0	0	0	0	682	
7	0	0	0	0	646	
8	0	0	0	0	439	
9	0	0	0	0	427	
10	0	0	0	0	649	
11	0	0	0	0	405	
12	0	0	0	0	560	
13	0	0	0	0	536	
14	0	0	0	0	518	
15	0	0	0	0	550	
0	0	0	0	0	272	
1	0	0	0	0	536	
2	0	0	0	0	605	
3	0	0	0	0	422	
4	0	0	0	0	413	
5	0	0	0	0	273	
6	0	0	0	0	676	
7	0	0	0	0	656	
8	0	0	0	0	317	
9	0	0	0	0	358	
10	0	0	0	0	708	
11	0	0	0	0	450	
12	0	0	0	0	442	
13	0	0	0	0	704	
14	0	0	0	0	376	
15	0	0	0	0	633	
0	0	0	0	0	954	
1	0	0	0	0	764	
2	0	0	0	0	626	
3	0	0	0	0	937	
4	0	0	0	0	792	
5	0	0	0	0	948	
6	0	0	0	0	894	
7	0	0	0	0	946	
8	0	0	0	0	787	
9	0	0	0	0	567	
10	0	0	0	0	711	
11	0	0	0	0	754	
12	0	0	0	0	615	
13	0	0	0	0	471	
14	0	0	0	0	647	
15	0	0	0	0	288	
0	0	0	0	0	627	
1	0	0	0	0	553	
2	0	0	0	0	532	
3	0	0	0	0	339	
4	0	0	0	0	395	
5	0	0	0	0	515	
6	0	0	0	0	481	
7	0	0	0	0	426	
8	0	0	0	0	361	
9	0	0	0	0	482	
10	0	0	0	0	491	
11	0	0	0	0	331	
12	0	0	0	0	624	
13	0	0	0	0	531	
14	0	0	0	0	405	
15	0	0	0	0	308	
0	0	0	0	0	695	
1	0	0	0	0	455	
2	0	0	0	0	486	
3	0	0	0	0	501	
4	0	0	0	0	447	
5	0	0	0	0	431	
6	0	0	0	0	402	
7	0	0	0	0	221	
8	0	0	0	0	618	
9	0	0	0	0	485	
10	0	0	0	0	229	
11	0	0	0	0	416	
12	0	0	0	0	430	
13	0	0	0	0	437	
14	0	0	0	0	300	
15	0	0	0	0	412	
0	0	0	0	0	509	
1	0	0	0	0	300	
2	0	0	0	0	398	
3	0	0	0	0	376	
4	0	0	0	0	450	
5	0	0	0	0	537	
6	0	0	0	0	490	
7	0	0	0	0	340	
8	0	0	0	0	420	
9	0	0	0	0	469	
10	0	0	0	0	444	
11	0	0	0	0	310	
12	0	0	0	0	472	
13	0	0	0	0	452	
14	0	0	0	0	451	
15	0	0	0	0	333	
0	0	0	0	0	521	
1	0	0	0	0	474	
2	0	0	0	0	372	
3	0	0	0	0	589	
4	0	0	0	0	524	
5	0	0	0	0	327	
6	0	0	0	0	270	
7	0	0	0	0	489	
8	0	0	0	0	581	
9	0	0	0	0	590	
10	0	0	0	0	348	
11	0	0	0	0	380	
12	0	0	0	0	455	
13	0	0	0	0	433	
14	0	0	0	0	475	
15	0	0	0	0	410	
0	0	0	0	0	449	
1	0	0	0	0	478	
2	0	0	0	0	564	
3	0	0	0	0	491	
4	0	0	0	0	501	
5	0	0	0	0	383	
6	0	0	0	0	529	
7	0	0	0	0	565	
8	0	0	0	0	405	
9	0	0	0	0	391	
10	0	0	0	0	429	
11	0	0	0	0	486	
12	0	0	0	0	599	
13	0	0	0	0	559	
14	0	0	0	0	404	
15	0	0	0	0	365	
0	0	0	0	0	501	
1	0	0	0	0	368	
2	0	0	0	0	360	
3	0	0	0	0	691	
4	0	0	0	0	455	
5	0	0	0	0	456	
6	0	0	0	0	448	
7	0	0	0	0	421	
8	0	0	0	0	551	
9	0	0	0	0	526	
10	0	0	0	0	569	
11	0	0	0	0	433	
12	0	0	0	0	525	
13	0	0	0	0	325	
14	0	0	0	0	466	
15	0	0	0	0	638	
0	0	0	0	0	607	
1	0	0	0	0	630	
2	0	0	0	0	409	
3	0	0	0	0	324	
4	0	0	0	0	689	
5	0	0	0	0	536	
6	0	0	0	0	546	
7	0	0	0	0	512	
8	0	0	0	0	543	
9	0	0	0	0	298	
10	0	0	0	0	514	
11	0	0	0	0	599	
12	0	0	0	0	712	
13	0	0	0	0	659	
14	0	0	0	0	567	
15	0	0	0	0	496	
0	0	0	0	0	529	
1	0	0	0	0	910	
2	0	0	0	0	608	
3	0	0	0	0	317	
4	0	0	0	0	579	
5	0	0	0	0	510	
6	0	0	0	0	466	
7	0	0	0	0	665	
8	0	0	0	0	511	
9	0	0	0	0	559	
10	0	0	0	0	348	
11	0	0	0	0	523	
12	0	0	0	0	597	
13	0	0	0	0	542	
14	0	0	0	0	469	
15	0	0	0	0	551	
0	0	0	0	0	414	
1	0	0	0	0	549	
2	0	0	0	0	398	
3	0	0	0	0	649	
4	0	0	0	0	449	
5	0	0	0	0	401	
6	0	0	0	0	481	
7	0	0	0	0	554	
8	0	0	0	0	803	
9	0	0	0	0	513	
10	0	0	0	0	248	
11	0	0	0	0	555	
12	0	0	0	0	523	
13	0	0	0	0	621	
14	0	0	0	0	532	
15	0	0	0	0	383	
0	0	0	0	0	481	
1	0	0	0	0	369	
2	0	0	0	0	408	
3	0	0	0	0	394	
4	0	0	0	0	720	
5	0	0	0	0	514	
6	0	0	0	0	538	
7	0	0	0	0	512	
8	0	0	0	0	502	
9	0	0	0	0	624	
10	0	0	0	0	551	
11	0	0	0	0	352	
12	0	0	0	0	514	
13	0	0	0	0	577	
14	0	0	0	0	480	
15	0	0	0	0	539	
0	0	0	0	0	324	
1	0	0	0	0	545	
2	0	0	0	0	664	
3	0	0	0	0	472	
4	0	0	0	0	556	
5	0	0	0	0	591	
6	0	0	0	0	319	
7	0	0	0	0	489	
8	0	0	0	0	493	
9	0	0	0	0	646	
10	0	0	0	0	477	
11	0	0	0	0	592	
12	0	0	0	0	510	
13	0	0	0	0	681	
14	0	0	0	0	579	
15	0	0	0	0	535	
0	0	0	0	0	510	
1	0	0	0	0	374	
2	0	0	0	0	743	
3	0	0	0	0	633	
4	0	0	0	0	469	
5	0	0	0	0	564	
6	0	0	0	0	534	
7	0	0	0	0	343	
8	0	0	0	0	471	
9	0	0	0	0	487	
10	0	0	0	0	442	
11	0	0	0	0	569	
12	0	0	0	0	421	
13	0	0	0	0	488	
14	0	0	0	0	418	
15	0	0	0	0	667	
0	0	0	0	0	446	
1	0	0	0	0	386	
2	0	0	0	0	560	
3	0	0	0	0	587	
4	0	0	0	0	397	
5	0	0	0	0	460	
6	0	0	0	0	414	
7	0	0	0	0	798	
8	0	0	0	0	510	
9	0	0	0	0	357	
10	0	0	0	0	644	
11	0	0	0	0	466	
12	0	0	0	0	670	
13	0	0	0	0	555	
14	0	0	0	0	450	
15	0	0	0	0	345	
0	0	0	0	0	589	
1	0	0	0	0	526	
2	0	0	0	0	465	
3	0	0	0	0	400	
4	0	0	0	0	409	
5	0	0	0	0	590	
6	0	0	0	0	466	
7	0	0	0	0	363	
8	0	0	0	0	388	
9	0	0	0	0	537	
10	0	0	0	0	576	
11	0	0	0	0	426	
12	0	0	0	0	453	
13	0	0	0	0	378	
14	0	0	0	0	662	
15	0	0	0	0	325	
0	0	0	0	0	627	
1	0	0	0	0	599	
2	0	0	0	0	459	
3	0	0	0	0	465	
4	0	0	0	0	485	
5	0	0	0	0	595	
6	0	0	0	0	526	
7	0	0	0	0	360	
8	0	0	0	0	465	
9	0	0	0	0	578	
10	0	0	0	0	644	
11	0	0	0	0	598	
12	0	0	0	0	345	
13	0	0	0	0	660	
14	0	0	0	0	583	
15	0	0	0	0	476	
0	0	0	0	0	265	
1	0	0	0	0	670	
2	0	0	0	0	595	
3	0	0	0	0	363	
4	0	0	0	0	496	
5	0	0	0	0	553	
6	0	0	0	0	536	
7	0	0	0	0	621	
8	0	0	0	0	602	
9	0	0	0	0	503	
10	0	0	0	0	555	
11	0	0	0	0	360	
12	0	0	0	0	624	
13	0	0	0	0	713	
14	0	0	0	0	398	
15	0	0	0	0	404	
0	0	0	0	0	638	
1	0	0	0	0	574	
2	0	0	0	0	499	
3	0	0	0	0	489	
4	0	0	0	0	531	
5	0	0	0	0	419	
6	0	0	0	0	715	
7	0	0	0	0	408	
8	0	0	0	0	587	
9	0	0	0	0	392	
10	0	0	0	0	442	
11	0	0	0	0	568	
12	0	0	0	0	472	
13	0	0	0	0	593	
14	0	0	0	0	430	
15	0	0	0	0	497	
0	0	0	0	0	538	
1	0	0	0	0	549	
2	0	0	0	0	572	
3	0	0	0	0	372	
4	0	0	0	0	487	
5	0	0	0	0	643	
6	0	0	0	0	583	
7	0	0	0	0	423	
8	0	0	0	0	520	
9	0	0	0	0	601	
10	0	0	0	0	400	
11	0	0	0	0	540	
12	0	0	0	0	645	
13	0	0	0	0	521	
14	0	0	0	0	436	
15	0	0	0	0	497	
0	0	0	0	0	658	
1	0	0	0	0	317	
2	0	0	0	0	543	
3	0	0	0	0	453	
4	0	0	0	0	579	
5	0	0	0	0	580	
6	0	0	0	0	513	
7	0	0	0	0	541	
8	0	0	0	0	535	
9	0	0	0	0	583	
10	0	0	0	0	650	
11	0	0	0	0	505	
12	0	0	0	0	590	
13	0	0	0	0	481	
14	0	0	0	0	515	
15	0	0	0	0	461	
0	0	0	0	0	473	
1	0	0	0	0	668	
2	0	0	0	0	620	
3	0	0	0	0	550	
4	0	0	0	0	494	
5	0	0	0	0	595	
6	0	0	0	0	641	
7	0	0	0	0	258	
8	0	0	0	0	338	
9	0	0	0	0	340	
10	0	0	0	0	445	
11	0	0	0	0	457	
12	0	0	0	0	499	
13	0	0	0	0	416	
14	0	0	0	0	388	
15	0	0	0	0	410	
0	0	0	0	0	482	
1	0	0	0	0	504	
2	0	0	0	0	493	
3	0	0	0	0	453	
4	0	0	0	0	454	
5	0	0	0	0	405	
6	0	0	0	0	714	
7	0	0	0	0	536	
8	0	0	0	0	529	
9	0	0	0	0	565	
10	0	0	0	0	457	
11	0	0	0	0	517	
12	0	0	0	0	499	
13	0	0	0	0	552	
14	0	0	0	0	393	
15	0	0	0	0	487	
0	0	0	0	0	398	
1	0	0	0	0	514	
2	0	0	0	0	689	
3	0	0	0	0	672	
4	0	0	0	0	448	
5	0	0	0	0	585	
6	0	0	0	0	444	
7	0	0	0	0	613	
8	0	0	0	0	662	
9	0	0	0	0	593	
10	0	0	0	0	463	
11	0	0	0	0	420	
12	0	0	0	0	443	
13	0	0	0	0	468	
14	0	0	0	0	544	
15	0	0	0	0	584	
0	0	0	0	0	502	
1	0	0	0	0	510	
2	0	0	0	0	570	
3	0	0	0	0	550	
4	0	0	0	0	545	
5	0	0	0	0	286	
6	0	0	0	0	483	
7	0	0	0	0	535	
8	0	0	0	0	485	
9	0	0	0	0	475	
10	0	0	0	0	489	
11	0	0	0	0	559	
12	0	0	0	0	642	
13	0	0	0	0	557	
14	0	0	0	0	539	
15	0	0	0	0	390	
0	0	0	0	0	562	
1	0	0	0	0	571	
2	0	0	0	0	502	
3	0	0	0	0	585	
4	0	0	0	0	540	
5	0	0	0	0	494	
6	0	0	0	0	518	
7	0	0	0	0	638	
8	0	0	0	0	536	
9	0	0	0	0	446	
10	0	0	0	0	489	
11	0	0	0	0	543	
12	0	0	0	0	717	
13	0	0	0	0	482	
14	0	0	0	0	537	
15	0	0	0	0	449	
0	0	0	0	0	534	
1	0	0	0	0	490	
2	0	0	0	0	413	
3	0	0	0	0	506	
4	0	0	0	0	664	
5	0	0	0	0	475	
6	0	0	0	0	529	
7	0	0	0	0	491	
8	0	0	0	0	543	
9	0	0	0	0	560	
10	0	0	0	0	496	
11	0	0	0	0	499	
12	0	0	0	0	557	
13	0	0	0	0	493	
14	0	0	0	0	524	
15	0	0	0	0	571	
0	0	0	0	0	409	
1	0	0	0	0	492	
2	0	0	0	0	546	
3	0	0	0	0	476	
4	0	0	0	0	563	
5	0	0	0	0	533	
6	0	0	0	0	500	
7	0	0	0	0	521	
8	0	0	0	0	621	
9	0	0	0	0	604	
10	0	0	0	0	596	
11	0	0	0	0	455	
12	0	0	0	0	252	
13	0	0	0	0	590	
14	0	0	0	0	581	
15	0	0	0	0	486	
0	0	0	0	0	392	
1	0	0	0	0	294	
2	0	0	0	0	351	
3	0	0	0	0	524	
4	0	0	0	0	538	
5	0	0	0	0	484	
6	0	0	0	0	503	
7	0	0	0	0	534	
8	0	0	0	0	407	
9	0	0	0	0	470	
10	0	0	0	0	442	
11	0	0	0	0	544	
12	0	0	0	0	720	
13	0	0	0	0	353	
14	0	0	0	0	472	
15	0	0	0	0	428	
0	0	0	0	0	701	
1	0	0	0	0	494	
2	0	0	0	0	512	
3	0	0	0	0	292	
4	0	0	0	0	664	
5	0	0	0	0	630	
6	0	0	0	0	560	
7	0	0	0	0	457	
8	0	0	0	0	463	
9	0	0	0	0	561	
10	0	0	0	0	450	
11	0	0	0	0	462	
12	0	0	0	0	732	
13	0	0	0	0	483	
14	0	0	0	0	386	
15	0	0	0	0	445	
0	0	0	0	0	544	
1	0	0	0	0	394	
2	0	0	0	0	365	
3	0	0	0	0	319	
4	0	0	0	0	448	
5	0	0	0	0	475	
6	0	0	0	0	518	
7	0	0	0	0	401	
8	0	0	0	0	328	
9	0	0	0	0	411	
10	0	0	0	0	594	
11	0	0	0	0	480	
12	0	0	0	0	474	
13	0	0	0	0	470	
14	0	0	0	0	500	
15	0	0	0	0	418	
0	0	0	0	0	417	
1	0	0	0	0	578	
2	0	0	0	0	656	
3	0	0	0	0	465	
4	0	0	0	0	588	
5	0	0	0	0	536	
6	0	0	0	0	423	
7	0	0	0	0	563	
8	0	0	0	0	816	
9	0	0	0	0	563	
10	0	0	0	0	524	
11	0	0	0	0	419	
12	0	0	0	0	540	
13	0	0	0	0	680	
14	0	0	0	0	727	
15	0	0	0	0	499	
0	0	0	0	0	527	
1	0	0	0	0	601	
2	0	0	0	0	705	
3	0	0	0	0	587	
4	0	0	0	0	578	
5	0	0	0	0	670	
6	0	0	0	0	612	
7	0	0	0	0	698	
8	0	0	0	0	540	
9	0	0	0	0	531	
10	0	0	0	0	613	
11	0	0	0	0	640	
12	0	0	0	0	536	
13	0	0	0	0	399	
14	0	0	0	0	464	
15	0	0	0	0	611	
0	0	0	0	0	614	
1	0	0	0	0	404	
2	0	0	0	0	307	
3	0	0	0	0	613	
4	0	0	0	0	598	
5	0	0	0	0	654	
6	0	0	0	0	512	
7	0	0	0	0	519	
8	0	0	0	0	576	
9	0	0	0	0	606	
10	0	0	0	0	627	
11	0	0	0	0	634	
12	0	0	0	0	579	
13	0	0	0	0	460	
14	0	0	0	0	556	
15	0	0	0	0	440	
0	0	0	0	0	449	
1	0	0	0	0	584	
2	0	0	0	0	624	
3	0	0	0	0	466	
4	0	0	0	0	386	
5	0	0	0	0	560	
6	0	0	0	0	527	
7	0	0	0	0	471	
8	0	0	0	0	575	
9	0	0	0	0	538	
10	0	0	0	0	472	
11	0	0	0	0	433	
12	0	0	0	0	381	
13	0	0	0	0	371	
14	0	0	0	0	396	
15	0	0	0	0	309	
0	0	0	0	0	220	
1	0	0	0	0	206	
2	0	0	0	0	103	
3	0	0	0	0	327	
4	0	0	0	0	344	
5	0	0	0	0	239	
6	0	0	0	0	412	
7	0	0	0	0	431	
8	0	0	0	0	480	
9	0	0	0	0	447	
10	0	0	0	0	361	
11	0	0	0	0	312	
12	0	0	0	0	584	
13	0	0	0	0	649	
14	0	0	0	0	518	
15	0	0	0	0	424	
0	0	0	0	0	548	
1	0	0	0	0	608	
2	0	0	0	0	382	
3	0	0	0	0	401	
4	0	0	0	0	782	
5	0	0	0	0	581	
6	0	0	0	0	494	
7	0	0	0	0	755	
8	0	0	0	0	534	
9	0	0	0	0	306	
10	0	0	0	0	614	
11	0	0	0	0	785	
12	0	0	0	0	758	
13	0	0	0	0	480	
14	0	0	0	0	688	
15	0	0	0	0	659	
0	0	0	0	0	693	
1	0	0	0	0	575	
2	0	0	0	0	719	
3	0	0	0	0	707	
4	0	0	0	0	471	
5	0	0	0	0	669	
6	0	0	0	0	464	
7	0	0	0	0	654	
8	0	0	0	0	688	
9	0	0	0	0	575	
10	0	0	0	0	565	
11	0	0	0	0	477	
12	0	0	0	0	516	
13	0	0	0	0	801	
14	0	0	0	0	637	
15	0	0	0	0	295	
0	0	0	0	0	597	
1	0	0	0	0	539	
2	0	0	0	0	495	
3	0	0	0	0	316	
4	0	0	0	0	629	
5	0	0	0	0	644	
6	0	0	0	0	565	
7	0	0	0	0	445	
8	0	0	0	0	422	
9	0	0	0	0	275	
10	0	0	0	0	557	
11	0	0	0	0	459	
12	0	0	0	0	495	
13	0	0	0	0	257	
14	0	0	0	0	491	
15	0	0	0	0	559	
0	0	0	0	0	636	
1	0	0	0	0	320	
2	0	0	0	0	478	
3	0	0	0	0	623	
4	0	0	0	0	417	
5	0	0	0	0	286	
6	0	0	0	0	456	
7	0	0	0	0	484	
8	0	0	0	0	496	
9	0	0	0	0	452	
10	0	0	0	0	553	
11	0	0	0	0	428	
12	0	0	0	0	612	
13	0	0	0	0	502	
14	0	0	0	0	516	
15	0	0	0	0	434	
0	0	0	0	0	608	
1	0	0	0	0	447	
2	0	0	0	0	392	
3	0	0	0	0	378	
4	0	0	0	0	678	
5	0	0	0	0	483	
6	0	0	0	0	361	
7	0	0	0	0	661	
8	0	0	0	0	676	
9	0	0	0	0	634	
10	0	0	0	0	490	
11	0	0	0	0	465	
12	0	0	0	0	472	
13	0	0	0	0	596	
14	0	0	0	0	415	
15	0	0	0	0	485	
0	0	0	0	0	447	
1	0	0	0	0	421	
2	0	0	0	0	575	
3	0	0	0	0	629	
4	0	0	0	0	459	
5	0	0	0	0	375	
6	0	0	0	0	613	
7	0	0	0	0	608	
8	0	0	0	0	458	
9	0	0	0	0	249	
10	0	0	0	0	601	
11	0	0	0	0	608	
12	0	0	0	0	558	
13	0	0	0	0	511	
14	0	0	0	0	391	
15	0	0	0	0	526	
0	0	0	0	0	575	
1	0	0	0	0	487	
2	0	0	0	0	449	
3	0	0	0	0	698	
4	0	0	0	0	556	
5	0	0	0	0	599	
6	0	0	0	0	546	
7	0	0	0	0	481	
8	0	0	0	0	385	
9	0	0	0	0	648	
10	0	0	0	0	644	
11	0	0	0	0	616	
12	0	0	0	0	727	
13	0	0	0	0	706	
14	0	0	0	0	647	
15	0	0	0	0	551	
0	0	0	0	0	629	
1	0	0	0	0	580	
2	0	0	0	0	473	
3	0	0	0	0	520	
4	0	0	0	0	502	
5	0	0	0	0	567	
6	0	0	0	0	627	
7	0	0	0	0	443	
8	0	0	0	0	608	
9	0	0	0	0	477	
10	0	0	0	0	478	
11	0	0	0	0	571	
12	0	0	0	0	440	
13	0	0	0	0	383	
14	0	0	0	0	574	
15	0	0	0	0	491	
0	0	0	0	0	578	
1	0	0	0	0	306	
2	0	0	0	0	651	
3	0	0	0	0	662	
4	0	0	0	0	455	
5	0	0	0	0	469	
6	0	0	0	0	403	
7	0	0	0	0	504	
8	0	0	0	0	545	
9	0	0	0	0	563	
10	0	0	0	0	401	
11	0	0	0	0	432	
12	0	0	0	0	482	
13	0	0	0	0	373	
14	0	0	0	0	528	
15	0	0	0	0	509	
0	0	0	0	0	652	
1	0	0	0	0	427	
2	0	0	0	0	575	
3	0	0	0	0	483	
4	0	0	0	0	498	
5	0	0	0	0	489	
6	0	0	0	0	308	
7	0	0	0	0	422	
8	0	0	0	0	442	
9	0	0	0	0	389	
10	0	0	0	0	388	
11	0	0	0	0	351	
12	0	0	0	0	441	
13	0	0	0	0	511	
14	0	0	0	0	594	
15	0	0	0	0	393	
0	0	0	0	0	487	
1	0	0	0	0	441	
2	0	0	0	0	559	
3	0	0	0	0	608	
4	0	0	0	0	414	
5	0	0	0	0	450	
6	0	0	0	0	541	
7	0	0	0	0	430	
8	0	0	0	0	313	
9	0	0	0	0	610	
10	0	0	0	0	539	
11	0	0	0	0	468	
12	0	0	0	0	595	
13	0	0	0	0	471	
14	0	0	0	0	650	
15	0	0	0	0	557	
0	0	0	0	0	484	
1	0	0	0	0	336	
2	0	0	0	0	523	
3	0	0	0	0	653	
4	0	0	0	0	437	
5	0	0	0	0	403	
6	0	0	0	0	414	
7	0	0	0	0	436	
8	0	0	0	0	479	
9	0	0	0	0	554	
10	0	0	0	0	628	
11	0	0	0	0	323	
12	0	0	0	0	461	
13	0	0	0	0	684	
14	0	0	0	0	567	
15	0	0	0	0	477	
0	0	0	0	0	261	
1	0	0	0	0	505	
2	0	0	0	0	567	
3	0	0	0	0	436	
4	0	0	0	0	499	
5	0	0	0	0	338	
6	0	0	0	0	562	
7	0	0	0	0	368	
8	0	0	0	0	489	
9	0	0	0	0	539	
10	0	0	0	0	632	
11	0	0	0	0	578	
12	0	0	0	0	534	
13	0	0	0	0	466	
14	0	0	0	0	606	
15	0	0	0	0	469	
0	0	0	0	0	672	
1	0	0	0	0	500	
2	0	0	0	0	459	
3	0	0	0	0	580	
4	0	0	0	0	455	
5	0	0	0	0	381	
6	0	0	0	0	625	
7	0	0	0	0	537	
8	0	0	0	0	538	
9	0	0	0	0	496	
10	0	0	0	0	430	
11	0	0	0	0	369	
12	0	0	0	0	711	
13	0	0	0	0	603	
14	0	0	0	0	566	
15	0	0	0	0	562	
0	0	0	0	0	507	
1	0	0	0	0	397	
2	0	0	0	0	597	
3	0	0	0	0	579	
4	0	0	0	0	599	
5	0	0	0	0	510	
6	0	0	0	0	511	
7	0	0	0	0	512	
8	0	0	0	0	481	
9	0	0	0	0	489	
10	0	0	0	0	534	
11	0	0	0	0	538	
12	0	0	0	0	215	
13	0	0	0	0	536	
14	0	0	0	0	537	
15	0	0	0	0	553	
0	0	0	0	0	495	
1	0	0	0	0	504	
2	0	0	0	0	507	
3	0	0	0	0	508	
4	0	0	0	0	580	
5	0	0	0	0	507	
6	0	0	0	0	406	
7	0	0	0	0	385	
8	0	0	0	0	538	
9	0	0	0	0	529	
10	0	0	0	0	489	
11	0	0	0	0	540	
12	0	0	0	0	529	
13	0	0	0	0	474	
14	0	0	0	0	529	
15	0	0	0	0	676	
0	0	0	0	0	507	
1	0	0	0	0	290	
2	0	0	0	0	673	
3	0	0	0	0	455	
4	0	0	0	0	401	
5	0	0	0	0	486	
6	0	0	0	0	580	
7	0	0	0	0	531	
8	0	0	0	0	487	
9	0	0	0	0	525	
10	0	0	0	0	505	
11	0	0	0	0	541	
12	0	0	0	0	622	
13	0	0	0	0	455	
14	0	0	0	0	447	
15	0	0	0	0	534	
0	0	0	0	0	556	
1	0	0	0	0	586	
2	0	0	0	0	540	
3	0	0	0	0	478	
4	0	0	0	0	519	
5	0	0	0	0	388	
6	0	0	0	0	509	
7	0	0	0	0	513	
8	0	0	0	0	572	
9	0	0	0	0	396	
10	0	0	0	0	457	
11	0	0	0	0	532	
12	0	0	0	0	614	
13	0	0	0	0	551	
14	0	0	0	0	586	
15	0	0	0	0	467	
0	0	0	0	0	480	
1	0	0	0	0	466	
2	0	0	0	0	504	
3	0	0	0	0	378	
4	0	0	0	0	514	
5	0	0	0	0	559	
6	0	0	0	0	424	
7	0	0	0	0	486	
8	0	0	0	0	463	
9	0	0	0	0	554	
10	0	0	0	0	511	
11	0	0	0	0	428	
12	0	0	0	0	483	
13	0	0	0	0	412	
14	0	0	0	0	559	
15	0	0	0	0	583	
0	0	0	0	0	532	
1	0	0	0	0	459	
2	0	0	0	0	553	
3	0	0	0	0	472	
4	0	0	0	0	435	
5	0	0	0	0	506	
6	0	0	0	0	483	
7	0	0	0	0	447	
8	0	0	0	0	378	
9	0	0	0	0	424	
10	0	0	0	0	645	
11	0	0	0	0	531	
12	0	0	0	0	384	
13	0	0	0	0	462	
14	0	0	0	0	510	
15	0	0	0	0	655	
0	0	0	0	0	583	
1	0	0	0	0	587	
2	0	0	0	0	542	
3	0	0	0	0	529	
4	0	0	0	0	526	
5	0	0	0	0	485	
6	0	0	0	0	445	
7	0	0	0	0	537	
8	0	0	0	0	575	
9	0	0	0	0	593	
10	0	0	0	0	570	
11	0	0	0	0	440	
12	0	0	0	0	571	
13	0	0	0	0	535	
14	0	0	0	0	487	
15	0	0	0	0	515	
0	0	0	0	0	350	
1	0	0	0	0	546	
2	0	0	0	0	540	
3	0	0	0	0	548	
4	0	0	0	0	432	
5	0	0	0	0	573	
6	0	0	0	0	452	
7	0	0	0	0	542	
8	0	0	0	0	474	
9	0	0	0	0	438	
10	0	0	0	0	508	
11	0	0	0	0	526	
12	0	0	0	0	558	
13	0	0	0	0	524	
14	0	0	0	0	451	
15	0	0	0	0	469	
0	0	0	0	0	429	
1	0	0	0	0	609	
2	0	0	0	0	575	
3	0	0	0	0	558	
4	0	0	0	0	460	
5	0	0	0	0	511	
6	0	0	0	0	535	
7	0	0	0	0	519	
8	0	0	0	0	470	
9	0	0	0	0	590	
10	0	0	0	0	318	
11	0	0	0	0	559	
12	0	0	0	0	552	
13	0	0	0	0	583	
14	0	0	0	0	423	
15	0	0	0	0	472	
0	0	0	0	0	604	
1	0	0	0	0	622	
2	0	0	0	0	490	
3	0	0	0	0	477	
4	0	0	0	0	618	
5	0	0	0	0	621	
6	0	0	0	0	550	
7	0	0	0	0	590	
8	0	0	0	0	463	
9	0	0	0	0	621	
10	0	0	0	0	425	
11	0	0	0	0	348	
12	0	0	0	0	571	
13	0	0	0	0	677	
14	0	0	0	0	637	
15	0	0	0	0	532	
0	0	0	0	0	484	
1	0	0	0	0	387	
2	0	0	0	0	439	
3	0	0	0	0	569	
4	0	0	0	0	524	
5	0	0	0	0	634	
6	0	0	0	0	484	
7	0	0	0	0	434	
8	0	0	0	0	526	
9	0	0	0	0	409	
10	0	0	0	0	536	
11	0	0	0	0	483	
12	0	0	0	0	468	
13	0	0	0	0	422	
14	0	0	0	0	312	
15	0	0	0	0	577	
0	0	0	0	0	530	
1	0	0	0	0	470	
2	0	0	0	0	401	
3	0	0	0	0	498	
4	0	0	0	0	592	
5	0	0	0	0	494	
6	0	0	0	0	472	
7	0	0	0	0	642	
8	0	0	0	0	649	
9	0	0	0	0	460	
10	0	0	0	0	577	
11	0	0	0	0	574	
12	0	0	0	0	496	
13	0	0	0	0	587	
14	0	0	0	0	423	
15	0	0	0	0	544	
0	0	0	0	0	502	
1	0	0	0	0	324	
2	0	0	0	0	589	
3	0	0	0	0	623	
4	0	0	0	0	585	
5	0	0	0	0	554	
6	0	0	0	0	213	
7	0	0	0	0	545	
8	0	0	0	0	674	
9	0	0	0	0	509	
10	0	0	0	0	526	
11	0	0	0	0	489	
12	0	0	0	0	413	
13	0	0	0	0	586	
14	0	0	0	0	470	
15	0	0	0	0	580	
0	0	0	0	0	503	
1	0	0	0	0	496	
2	0	0	0	0	442	
3	0	0	0	0	520	
4	0	0	0	0	537	
5	0	0	0	0	405	
6	0	0	0	0	617	
7	0	0	0	0	444	
8	0	0	0	0	452	
9	0	0	0	0	401	
10	0	0	0	0	366	
11	0	0	0	0	510	
12	0	0	0	0	387	
13	0	0	0	0	592	
14	0	0	0	0	360	
15	0	0	0	0	445	
0	0	0	0	0	412	
1	0	0	0	0	516	
2	0	0	0	0	521	
3	0	0	0	0	527	
4	0	0	0	0	536	
5	0	0	0	0	363	
6	0	0	0	0	565	
7	0	0	0	0	479	
8	0	0	0	0	581	
9	0	0	0	0	434	
10	0	0	0	0	558	
11	0	0	0	0	531	
12	0	0	0	0	537	
13	0	0	0	0	540	
14	0	0	0	0	531	
15	0	0	0	0	492	
0	0	0	0	0	618	
1	0	0	0	0	583	
2	0	0	0	0	551	
3	0	0	0	0	631	
4	0	0	0	0	578	
5	0	0	0	0	530	
6	0	0	0	0	516	
7	0	0	0	0	485	
8	0	0	0	0	559	
9	0	0	0	0	514	
10	0	0	0	0	550	
11	0	0	0	0	390	
12	0	0	0	0	445	
13	0	0	0	0	415	
14	0	0	0	0	657	
15	0	0	0	0	572	
0	0	0	0	0	434	
1	0	0	0	0	512	
2	0	0	0	0	469	
3	0	0	0	0	632	
4	0	0	0	0	694	
5	0	0	0	0	525	
6	0	0	0	0	476	
7	0	0	0	0	467	
8	0	0	0	0	405	
9	0	0	0	0	532	
10	0	0	0	0	604	
11	0	0	0	0	571	
12	0	0	0	0	387	
13	0	0	0	0	549	
14	0	0	0	0	482	
15	0	0	0	0	469	
0	0	0	0	0	615	
1	0	0	0	0	595	
2	0	0	0	0	560	
3	0	0	0	0	631	
4	0	0	0	0	562	
5	0	0	0	0	572	
6	0	0	0	0	632	
